   Rotamer making statitics:
   Residue   Start  Clean   Swap Rotate   Self  Hbond Repack  Ioni.   TorH     OH  Elect
   NTRA0007      1      1      1      2      1      1      1      2      2      2      2
   LEUA0007      1      1      1     37     18     18      2      2      2      6      5
   HISA0008      1      1      2     38     25     36      3      9      9     24     12
   LYSA0009      1      1      1   1297    320    342     66     40     40     83     41
   GLUA0010      1      1      1    109     41     71     16     48     75    196     87
   PROA0011      1      1      1      2      1      1      1      1      1      1      1
   ALAA0012      1      1      1      2      1      1      1      1      1      1      1
   THRA0013      1      1      1      7      4      4      2      2      2      7      2
   LEUA0014      1      1      1     37     14     14      2      2      2      6      3
   ILEA0015      1      1      1     37      3      3      2      2      2      6      6
   LYSA0016      1      1      1   1297    191    199     99     40     40     80     42
   ALAA0017      1      1      1      2      1      1      1      1      1      3      1
   ILEA0018      1      1      1     37      3      3      3      3      3      8      5
   ASPA0019      1      1      1     19      7     12      5     15     20     43     19
   GLYA0020      0      0      0      0      0      0      0      0      0      0      0
   ASPA0021      1      1      1     19      8     13      7     21     35     99     46
   THRA0022      1      1      1      7      6     11      7      7     18     75     46
   VALA0023      1      1      1      7      4      4      3      3      3      8      5
   LYSA0024      1      1      1   1297    256    267     50     40     40     83     42
   LEUA0025      1      1      1     37     12     12      1      1      1      4      1
   META0026      1      1      1    217     49     49     17     17     17     32     17
   TYRA0027      1      1      1     37      6     10      6     12     18     54     20
   LYSA0028      1      1      1   1297    175    197     18     36     34     68     34
   GLYA0029      0      0      0      0      0      0      0      0      0      0      0
   GLNA0030      1      1      2    217     83     99     39     20     16     30     14
   PROA0031      1      1      1      2      1      1      1      1      1      1      1
   META0032      1      1      1    217     53     53     29     20     20     32     19
   THRA0033      1      1      1      7      5     10      6      6     18     69     20
   PHEA0034      1      1      1     19      3      3      2      2      2      6      3
   ARGA0035      1      1      1   1297     93     99      7     28     40    108     84
   LEUA0036      1      1      1     37      7      7      3      3      3      8      7
   LEUA0037      1      1      1     37      7      7      3      3      3      8      5
   LEUA0038      1      1      1     37      4      4      3      3      3      8      6
   VALA0039      1      1      1      7      5      5      2      2      2      6      4
   ASPA0040      1      1      1     19      9     16      5     15     25     72     22
   THRA0041      1      1      1      7      4      8      3      3      5     26      9
   PROA0042      1      1      1      2      1      1      1      1      1      1      1
   GLUA0043      1      1      1    109     49     68     27     60     91    210     97
   THRA0044      1      1      1      7      6      9      3      3      9     27      8
   CTRA0044      1      1      1      2      1      1      1      3      5      5      5
   NTRA0051      1      1      1      2      1      1      1      2      2      2      2
   VALA0051      1      1      1      7      3      3      1      1      1      2      1
   GLUA0052      1      1      1    109     29     44     20     60     99    259     95
   LYSA0053      1      1      1   1297    315    322     34     40     40     74     39
   TYRA0054      1      1      1     37      6     11      8     16     24     70     31
   GLYA0055      0      0      0      0      0      0      0      0      0      0      0
   PROA0056      1      1      1      2      1      1      1      1      1      1      1
   GLUA0057      1      1      1    109     39     65     19     57     75    189     72
   ALAA0058      1      1      1      2      1      1      1      1      1      3      1
   SERA0059      1      1      1      7      5     10      3      3      8     37     11
   ALAA0060      1      1      1      2      1      1      1      1      1      1      1
   PHEA0061      1      1      1     19      5      5      3      3      3      8      5
   THRA0062      1      1      1      7      1      1      1      1      2     13      2
   LYSA0063      1      1      1   1297    144    156     41     40     40     80     40
   LYSA0064      1      1      1   1297    189    198    141     40     40     77     40
   META0065      1      1      1    217     43     43     18     18     18     35     20
   ASPA0066      1      1      1     19      9     12      7     21     33     81     33
   GLUA0067      1      1      1    109     38     52     16     48     79    207     87
   ASNA0068      1      1      2     37     17     33     24     20     15     30     13
   ALAA0069      1      1      1      2      1      1      1      1      1      2      2
   LYSA0070      1      1      1   1297    341    358     39     40     40     78     39
   LYSA0071      1      1      1   1297    303    317    189     40     40     83     42
   ILEA0072      1      1      1     37      4      4      2      2      2      6      2
   GLUA0073      1      1      1    109     28     43     18     54     81    219    123
   VALA0074      1      1      1      7      5      5      2      2      2      6      2
   GLUA0075      1      1      1    109      9     17      8     24     40    111     69
   PHEA0076      1      1      1     19      5      5      4      4      4     10      6
   ASPA0077      1      1      1     19      9     18      5     15     25     73     48
   LYSA0078      1      1      1   1297    296    305     23     40     40     76     39
   GLYA0079      0      0      0      0      0      0      0      0      0      0      0
   GLNA0080      1      1      2    217     60     72     17     17     17     36     18
   ARGA0081      1      1      1   1297    177    200     69     80     87    218     88
   THRA0082      1      1      1      7      5     10      5      5      8     34      9
   ASPA0083      1      1      1     19      6     12      9     27     39    110     70
   LYSA0084      1      1      1   1297    310    321     44     40     40     77     40
   TYRA0085      1      1      1     19      6     12      6     12     16     48     27
   GLYA0086      0      0      0      0      0      0      0      0      0      0      0
   ARGA0087      1      1      1   1297    143    151     32     80    119    329    218
   GLYA0088      0      0      0      0      0      0      0      0      0      0      0
   LEUA0089      1      1      1     37      3      3      2      2      2      6      6
   ALAA0090      1      1      1      2      1      1      1      1      1      2      1
   TYRA0091      1      1      1     37      9     14      9     18     24     69     43
   ILEA0092      1      1      1     37     10     10      3      3      3      8      4
   TYRA0093      1      1      1     19      1      4      3      6      9     30     16
   ALAA0094      1      1      1      2      1      1      1      1      1      3      2
   ASPA0095      1      1      1     19      6     11      5     15     25     74     25
   GLYA0096      0      0      0      0      0      0      0      0      0      0      0
   LYSA0097      1      1      1   1297    278    288    155     40     40     81     42
   META0098      1      1      1    217     67     67     11     11     11     24     13
   VALA0099      1      1      1      7      3      3      1      1      1      4      2
   ASNA0100      1      1      2     37     11     16      6      6      6     14      6
   GLUA0101      1      1      1    109     41     56     11     33     55    150     83
   ALAA0102      1      1      1      2      1      1      1      1      1      3      1
   LEUA0103      1      1      1     37      7      7      3      3      3      8      6
   VALA0104      1      1      1      7      2      2      1      1      1      4      1
   ARGA0105      1      1      1   1297    150    155     80     80    102    278    113
   GLNA0106      1      1      2    217     50     61     16     16     13     28     13
   GLYA0107      0      0      0      0      0      0      0      0      0      0      0
   LEUA0108      1      1      1     37      2      2      2      2      2      6      5
   ALAA0109      1      1      1      2      1      1      1      1      1      3      1
   LYSA0110      1      1      1   1297    320    339     98     40     40     72     40
   VALA0111      1      1      1      7      4      4      2      2      2      6      4
   ALAA0112      1      1      1      2      1      1      1      1      1      3      1
   TYRA0113      1      1      1     19      2      2      2      4      6     22      6
   VALA0114      1      1      1      7      2      2      1      1      1      4      1
   TYRA0115      1      1      1     37      8     12      4      8     12     38     10
   LYSA0116      1      1      1   1297    211    222     17     34     34     68     34
   GLYA0117      0      0      0      0      0      0      0      0      0      0      0
   ASNA0118      1      1      2     37     14     19      5      5      5     12      6
   ASNA0119      1      1      2     37     20     33      8      8      7     15      7
   THRA0120      1      1      1      7      4      9      6      6     17     74     20
   HISA0121      1      1      2     38     25     32     13     39     36     78     33
   GLUA0122      1      1      1    109     22     42      2      6     10     26     10
   GLNA0123      1      1      2    217     89    104     49     20     20     42     21
   LEUA0124      1      1      1     37      7      7      7      7      7     16     14
   LEUA0125      1      1      1     37      7      7      2      2      2      6      6
   ARGA0126      1      1      1   1297    158    165    100     80     95    255    104
   LYSA0127      1      1      1   1297    267    276    182     40     40     81     40
   ALAA0128      1      1      1      2      1      1      1      1      1      3      1
   GLUA0129      1      1      1    109     20     32      8     24     40    113     61
   ALAA0130      1      1      1      2      1      1      1      1      1      1      1
   GLNA0131      1      1      2    217     61     82     45     20     20     41     21
   ALAA0132      1      1      1      2      1      1      1      1      1      1      1
   LYSA0133      1      1      1   1297    208    219     40     40     40     81     42
   LYSA0134      1      1      1   1297    175    185     48     40     40     75     40
   GLUA0135      1      1      1    109     20     33     15     45     59    151     58
   LYSA0136      1      1      1   1297     69     69     57     40     40     74     40
   LEUA0137      1      1      1     37      5      5      3      3      3      8      4
   ASNA0138      1      1      2     37     13     26      5      5      5     12      6
   ILEA0139      1      1      1     37      2      2      2      2      2      6      3
   TRPA0140      1      1      1     37      4      7      4      4      4     10      5
   SERA0141      1      1      1      7      5      6      3      3      6     10      6
   CTRA0141      1      1      1      2      1      1      1      3      5      5      5
   HOHA0201      1      1      1      2      1      1      2      3     12    167     24
   HOHA0205      1      1      1      2      1      1      2      3      4     53      8
   HOHA0206      1      1      1      2      1      1      2      3      9    125     15
   HOHA0207      1      1      1      2      1      1      2      3     12    167     45
   HOHA0208      1      1      1      2      1      1      2      3      4     14      6
   HOHA0216      1      1      1      2      1      1      2      3     13    181    129
   HOHA0218      1      1      1      2      1      1      2      3      5     68      6
   HOHA0220      1      1      1      2      1      1      2      3      5     69      8
   HOHA0221      1      1      1      2      1      1      2      3      4     55      5
   HOHA0222      1      1      1      2      1      1      2      3      6     83     11
   HOHA0223      1      1      1      2      1      1      2      3      3     41      3
   HOHA0225      1      1      1      2      1      1      2      3      6     83      7
   HOHA0228      1      1      1      2      1      1      2      3      6     83      8
   HOHA0256      1      1      1      2      1      1      2      3     12     84     12
   HOHA0266      1      1      1      2      1      1      2      3      5     69     10
   THPA0300      0      0      0      0      0      0      0      0      0      0      0
   Total       139    139    151  34503   6438   7134   2336   2155   2702   7737   3410
