 ph              0.0   1.0   2.0   3.0   4.0   5.0   6.0   7.0   8.0   9.0  10.0  11.0  12.0  13.0  14.0
NTR01A0001_001 0.000 0.000 0.000 0.000 0.000 0.000 0.008 0.066 0.241 0.325 0.332 0.336 0.336 0.330 0.332
NTR01A0001_002 0.000 0.000 0.000 0.000 0.000 0.001 0.008 0.064 0.231 0.318 0.335 0.337 0.335 0.333 0.333
NTR01A0001_003 0.000 0.000 0.000 0.000 0.000 0.001 0.008 0.060 0.233 0.317 0.333 0.327 0.329 0.337 0.335
NTR+1A0001_004 1.000 1.000 1.000 1.000 1.000 0.998 0.977 0.810 0.295 0.040 0.000 0.000 0.000 0.000 0.000
ARG01A0001_001 0.000 0.000 0.000 0.000 0.000 0.000 0.000 0.000 0.000 0.000 0.000 0.000 0.000 0.000 0.000
ARG01A0001_002 0.000 0.000 0.000 0.000 0.000 0.000 0.000 0.000 0.000 0.000 0.000 0.000 0.000 0.000 0.000
ARG02A0001_003 0.000 0.000 0.000 0.000 0.000 0.000 0.000 0.000 0.000 0.000 0.000 0.001 0.001 0.002 0.017
ARG02A0001_004 0.000 0.000 0.000 0.000 0.000 0.000 0.000 0.000 0.000 0.000 0.000 0.000 0.001 0.001 0.010
ARG02A0001_005 0.000 0.000 0.000 0.000 0.000 0.000 0.000 0.000 0.000 0.000 0.000 0.000 0.001 0.002 0.017
ARG02A0001_006 0.000 0.000 0.000 0.000 0.000 0.000 0.000 0.000 0.000 0.000 0.000 0.001 0.001 0.001 0.011
ARG03A0001_007 0.000 0.000 0.000 0.000 0.000 0.000 0.000 0.000 0.000 0.000 0.000 0.000 0.000 0.000 0.003
ARG03A0001_008 0.000 0.000 0.000 0.000 0.000 0.000 0.000 0.000 0.000 0.000 0.000 0.000 0.000 0.000 0.002
ARG03A0001_009 0.000 0.000 0.000 0.000 0.000 0.000 0.000 0.000 0.000 0.000 0.000 0.000 0.001 0.002 0.016
ARG03A0001_010 0.000 0.000 0.000 0.000 0.000 0.000 0.000 0.000 0.000 0.000 0.000 0.001 0.001 0.002 0.010
ARG+1A0001_011 0.531 0.524 0.528 0.530 0.530 0.539 0.532 0.532 0.538 0.543 0.530 0.492 0.485 0.486 0.446
ARG+1A0001_012 0.469 0.476 0.472 0.470 0.470 0.461 0.468 0.468 0.462 0.457 0.470 0.505 0.510 0.502 0.467
PRO01A0002_001 1.000 1.000 1.000 1.000 1.000 1.000 1.000 1.000 1.000 1.000 1.000 1.000 1.000 1.000 1.000
ASP01A0003_001 0.179 0.173 0.154 0.073 0.015 0.002 0.000 0.000 0.000 0.000 0.000 0.000 0.000 0.000 0.000
ASP01A0003_002 0.107 0.105 0.092 0.043 0.009 0.001 0.000 0.000 0.000 0.000 0.000 0.000 0.000 0.000 0.000
ASP01A0003_003 0.072 0.069 0.060 0.029 0.005 0.001 0.000 0.000 0.000 0.000 0.000 0.000 0.000 0.000 0.000
ASP02A0003_004 0.205 0.207 0.181 0.081 0.018 0.003 0.000 0.000 0.000 0.000 0.000 0.000 0.000 0.000 0.000
ASP02A0003_005 0.436 0.431 0.381 0.182 0.037 0.004 0.001 0.000 0.000 0.000 0.000 0.000 0.000 0.000 0.000
ASP-1A0003_006 0.000 0.015 0.132 0.592 0.915 0.990 0.999 1.000 1.000 1.000 1.000 1.000 1.000 1.000 1.000
PHE01A0004_001 1.000 1.000 1.000 1.000 1.000 1.000 1.000 1.000 1.000 1.000 1.000 1.000 1.000 1.000 1.000
CYD01A0005_001 1.000 1.000 1.000 1.000 1.000 1.000 1.000 1.000 1.000 1.000 1.000 1.000 1.000 1.000 1.000
LEU01A0006_001 1.000 1.000 1.000 1.000 1.000 1.000 1.000 1.000 1.000 1.000 1.000 1.000 1.000 1.000 1.000
GLU01A0007_001 0.079 0.081 0.079 0.066 0.036 0.007 0.000 0.000 0.000 0.000 0.000 0.000 0.000 0.000 0.000
GLU01A0007_002 0.060 0.059 0.060 0.052 0.031 0.007 0.002 0.000 0.000 0.000 0.000 0.000 0.000 0.000 0.000
GLU01A0007_003 0.266 0.262 0.254 0.227 0.124 0.022 0.006 0.000 0.000 0.000 0.000 0.000 0.000 0.000 0.000
GLU01A0007_004 0.231 0.221 0.215 0.203 0.108 0.019 0.005 0.000 0.000 0.000 0.000 0.000 0.000 0.000 0.000
GLU01A0007_005 0.023 0.022 0.024 0.022 0.011 0.002 0.000 0.000 0.000 0.000 0.000 0.000 0.000 0.000 0.000
GLU01A0007_006 0.041 0.044 0.042 0.037 0.021 0.004 0.002 0.000 0.000 0.000 0.000 0.000 0.000 0.000 0.000
GLU01A0007_007 0.021 0.020 0.022 0.020 0.008 0.002 0.000 0.000 0.000 0.000 0.000 0.000 0.000 0.000 0.000
GLU01A0007_008 0.042 0.038 0.038 0.032 0.016 0.003 0.000 0.000 0.000 0.000 0.000 0.000 0.000 0.000 0.000
GLU02A0007_009 0.011 0.012 0.012 0.009 0.005 0.000 0.000 0.000 0.000 0.000 0.000 0.000 0.000 0.000 0.000
GLU02A0007_010 0.009 0.011 0.010 0.008 0.004 0.001 0.000 0.000 0.000 0.000 0.000 0.000 0.000 0.000 0.000
GLU02A0007_011 0.061 0.063 0.060 0.050 0.028 0.005 0.000 0.000 0.000 0.000 0.000 0.000 0.000 0.000 0.000
GLU02A0007_012 0.072 0.077 0.071 0.066 0.031 0.007 0.001 0.000 0.000 0.000 0.000 0.000 0.000 0.000 0.000
GLU02A0007_013 0.019 0.020 0.019 0.017 0.008 0.001 0.000 0.000 0.000 0.000 0.000 0.000 0.000 0.000 0.000
GLU02A0007_014 0.009 0.009 0.010 0.009 0.004 0.000 0.000 0.000 0.000 0.000 0.000 0.000 0.000 0.000 0.000
GLU02A0007_015 0.003 0.004 0.003 0.003 0.002 0.000 0.000 0.000 0.000 0.000 0.000 0.000 0.000 0.000 0.000
GLU02A0007_016 0.013 0.014 0.015 0.012 0.006 0.001 0.000 0.000 0.000 0.000 0.000 0.000 0.000 0.000 0.000
GLU02A0007_017 0.016 0.015 0.015 0.011 0.008 0.001 0.000 0.000 0.000 0.000 0.000 0.000 0.000 0.000 0.000
GLU02A0007_018 0.005 0.005 0.005 0.004 0.002 0.000 0.000 0.000 0.000 0.000 0.000 0.000 0.000 0.000 0.000
GLU02A0007_019 0.020 0.021 0.023 0.017 0.009 0.002 0.000 0.000 0.000 0.000 0.000 0.000 0.000 0.000 0.000
GLU-1A0007_020 0.000 0.000 0.023 0.081 0.316 0.540 0.601 0.594 0.592 0.597 0.589 0.597 0.579 0.578 0.580
GLU-1A0007_021 0.000 0.000 0.000 0.054 0.221 0.377 0.383 0.406 0.408 0.403 0.411 0.403 0.421 0.422 0.420
PRO01A0008_001 1.000 1.000 1.000 1.000 1.000 1.000 1.000 1.000 1.000 1.000 1.000 1.000 1.000 1.000 1.000
PRO01A0009_001 1.000 1.000 1.000 1.000 1.000 1.000 1.000 1.000 1.000 1.000 1.000 1.000 1.000 1.000 1.000
TYR01A0010_001 0.226 0.231 0.228 0.225 0.222 0.233 0.234 0.229 0.224 0.184 0.077 0.020 0.006 0.001 0.000
TYR01A0010_002 0.301 0.303 0.301 0.302 0.303 0.293 0.297 0.292 0.285 0.218 0.090 0.023 0.005 0.001 0.000
TYR01A0010_003 0.186 0.186 0.185 0.186 0.188 0.190 0.185 0.192 0.181 0.136 0.058 0.017 0.004 0.000 0.000
TYR01A0010_004 0.197 0.191 0.194 0.196 0.196 0.194 0.196 0.197 0.191 0.151 0.061 0.017 0.004 0.001 0.000
TYR01A0010_005 0.090 0.089 0.093 0.091 0.091 0.091 0.088 0.091 0.084 0.069 0.030 0.007 0.002 0.000 0.000
TYR-1A0010_006 0.000 0.000 0.000 0.000 0.000 0.000 0.000 0.000 0.036 0.242 0.683 0.915 0.980 0.997 1.000
THR01A0011_001 0.143 0.135 0.137 0.142 0.141 0.140 0.140 0.142 0.143 0.140 0.147 0.145 0.143 0.142 0.143
THR01A0011_002 0.279 0.280 0.282 0.275 0.277 0.276 0.278 0.280 0.269 0.257 0.241 0.236 0.239 0.241 0.225
THR01A0011_003 0.244 0.239 0.242 0.245 0.247 0.246 0.251 0.243 0.255 0.271 0.285 0.296 0.300 0.295 0.311
THR01A0011_004 0.335 0.346 0.339 0.339 0.336 0.338 0.330 0.335 0.332 0.332 0.327 0.323 0.318 0.322 0.321
PRO01A0013_001 1.000 1.000 1.000 1.000 1.000 1.000 1.000 1.000 1.000 1.000 1.000 1.000 1.000 1.000 1.000
CYD01A0014_001 1.000 1.000 1.000 1.000 1.000 1.000 1.000 1.000 1.000 1.000 1.000 1.000 1.000 1.000 1.000
LYS01A0015_001 0.000 0.000 0.000 0.000 0.000 0.000 0.000 0.000 0.001 0.005 0.034 0.165 0.289 0.320 0.331
LYS01A0015_002 0.000 0.000 0.000 0.000 0.000 0.000 0.000 0.000 0.001 0.006 0.036 0.169 0.302 0.333 0.338
LYS01A0015_003 0.000 0.000 0.000 0.000 0.000 0.000 0.000 0.000 0.001 0.006 0.033 0.168 0.302 0.333 0.331
LYS+1A0015_004 1.000 1.000 1.000 1.000 1.000 1.000 1.000 1.000 0.998 0.984 0.897 0.498 0.107 0.013 0.000
ALA01A0016_001 1.000 1.000 1.000 1.000 1.000 1.000 1.000 1.000 1.000 1.000 1.000 1.000 1.000 1.000 1.000
ARG01A0017_001 0.000 0.000 0.000 0.000 0.000 0.000 0.000 0.000 0.000 0.000 0.001 0.005 0.042 0.164 0.236
ARG02A0017_002 0.000 0.000 0.000 0.000 0.000 0.000 0.000 0.000 0.000 0.000 0.000 0.006 0.038 0.153 0.222
ARG02A0017_003 0.000 0.000 0.000 0.000 0.000 0.000 0.000 0.000 0.000 0.000 0.000 0.004 0.028 0.103 0.148
ARG03A0017_004 0.000 0.000 0.000 0.000 0.000 0.000 0.000 0.000 0.000 0.000 0.001 0.004 0.031 0.123 0.181
ARG03A0017_005 0.000 0.000 0.000 0.000 0.000 0.000 0.000 0.000 0.000 0.000 0.000 0.003 0.028 0.105 0.159
ARG+1A0017_006 1.000 1.000 1.000 1.000 1.000 1.000 1.000 1.000 1.000 1.000 0.998 0.979 0.833 0.351 0.054
ILE01A0018_001 1.000 1.000 1.000 1.000 1.000 1.000 1.000 1.000 1.000 1.000 1.000 1.000 1.000 1.000 1.000
ILE01A0019_001 1.000 1.000 1.000 1.000 1.000 1.000 1.000 1.000 1.000 1.000 1.000 1.000 1.000 1.000 1.000
ARG01A0020_001 0.000 0.000 0.000 0.000 0.000 0.000 0.000 0.000 0.000 0.000 0.000 0.000 0.001 0.008 0.043
ARG01A0020_002 0.000 0.000 0.000 0.000 0.000 0.000 0.000 0.000 0.000 0.000 0.001 0.001 0.004 0.019 0.092
ARG02A0020_003 0.000 0.000 0.000 0.000 0.000 0.000 0.000 0.000 0.000 0.000 0.000 0.000 0.000 0.003 0.011
ARG02A0020_004 0.000 0.000 0.000 0.000 0.000 0.000 0.000 0.000 0.000 0.000 0.000 0.000 0.000 0.004 0.019
ARG02A0020_005 0.000 0.000 0.000 0.000 0.000 0.000 0.000 0.000 0.000 0.000 0.000 0.000 0.001 0.005 0.025
ARG02A0020_006 0.000 0.000 0.000 0.000 0.000 0.000 0.000 0.000 0.000 0.000 0.000 0.001 0.001 0.009 0.047
ARG03A0020_007 0.000 0.000 0.000 0.000 0.000 0.000 0.000 0.000 0.000 0.000 0.000 0.000 0.001 0.008 0.041
ARG03A0020_008 0.000 0.000 0.000 0.000 0.000 0.000 0.000 0.000 0.000 0.000 0.001 0.001 0.003 0.015 0.080
ARG03A0020_009 0.000 0.000 0.000 0.000 0.000 0.000 0.000 0.000 0.000 0.000 0.000 0.000 0.001 0.007 0.038
ARG03A0020_010 0.000 0.000 0.000 0.000 0.000 0.000 0.000 0.000 0.000 0.000 0.001 0.001 0.003 0.013 0.078
ARG+1A0020_011 0.267 0.268 0.272 0.275 0.272 0.277 0.279 0.272 0.282 0.282 0.282 0.292 0.296 0.266 0.156
ARG+1A0020_012 0.733 0.732 0.728 0.725 0.728 0.723 0.721 0.728 0.718 0.718 0.716 0.704 0.688 0.642 0.369
TYR01A0021_001 0.305 0.289 0.291 0.289 0.286 0.282 0.297 0.286 0.286 0.267 0.185 0.049 0.008 0.002 0.000
TYR01A0021_002 0.211 0.218 0.219 0.222 0.221 0.221 0.213 0.219 0.224 0.205 0.136 0.036 0.006 0.000 0.000
TYR01A0021_003 0.113 0.119 0.120 0.120 0.122 0.129 0.124 0.124 0.125 0.119 0.082 0.023 0.003 0.001 0.000
TYR01A0021_004 0.118 0.121 0.120 0.122 0.129 0.127 0.130 0.137 0.127 0.125 0.080 0.022 0.004 0.001 0.000
TYR01A0021_005 0.126 0.123 0.123 0.121 0.120 0.119 0.117 0.116 0.116 0.108 0.073 0.018 0.002 0.000 0.000
TYR01A0021_006 0.126 0.130 0.127 0.126 0.122 0.122 0.120 0.117 0.115 0.114 0.073 0.021 0.004 0.001 0.000
TYR-1A0021_007 0.000 0.000 0.000 0.000 0.000 0.000 0.000 0.000 0.007 0.063 0.372 0.832 0.974 0.996 1.000
PHE01A0022_001 1.000 1.000 1.000 1.000 1.000 1.000 1.000 1.000 1.000 1.000 1.000 1.000 1.000 1.000 1.000
TYR01A0023_001 0.249 0.244 0.246 0.237 0.245 0.242 0.247 0.249 0.238 0.242 0.185 0.075 0.016 0.002 0.001
TYR01A0023_002 0.166 0.173 0.172 0.169 0.174 0.176 0.163 0.168 0.167 0.163 0.130 0.055 0.011 0.001 0.000
TYR01A0023_003 0.159 0.157 0.159 0.165 0.158 0.152 0.164 0.158 0.162 0.155 0.130 0.053 0.012 0.001 0.001
TYR01A0023_004 0.167 0.164 0.167 0.168 0.168 0.167 0.173 0.165 0.171 0.162 0.138 0.052 0.011 0.002 0.001
TYR01A0023_005 0.102 0.103 0.099 0.100 0.098 0.102 0.102 0.099 0.100 0.092 0.076 0.032 0.006 0.001 0.000
TYR01A0023_006 0.026 0.026 0.025 0.028 0.026 0.026 0.027 0.027 0.026 0.026 0.022 0.008 0.002 0.001 0.001
TYR01A0023_007 0.101 0.104 0.102 0.105 0.099 0.104 0.095 0.102 0.104 0.098 0.074 0.032 0.006 0.001 0.000
TYR01A0023_008 0.030 0.029 0.030 0.029 0.032 0.032 0.030 0.032 0.032 0.030 0.026 0.010 0.003 0.000 0.001
TYR-1A0023_009 0.000 0.000 0.000 0.000 0.000 0.000 0.000 0.000 0.000 0.019 0.137 0.427 0.583 0.617 0.619
TYR-1A0023_010 0.000 0.000 0.000 0.000 0.000 0.000 0.000 0.000 0.000 0.012 0.083 0.255 0.350 0.374 0.378
ASN01A0024_001 0.514 0.515 0.511 0.517 0.517 0.513 0.520 0.520 0.520 0.518 0.515 0.510 0.514 0.510 0.513
ASN01A0024_002 0.486 0.485 0.489 0.483 0.483 0.487 0.480 0.480 0.480 0.482 0.485 0.490 0.486 0.490 0.487
ALA01A0025_001 1.000 1.000 1.000 1.000 1.000 1.000 1.000 1.000 1.000 1.000 1.000 1.000 1.000 1.000 1.000
LYS01A0026_001 0.000 0.000 0.000 0.000 0.000 0.000 0.000 0.000 0.001 0.006 0.052 0.191 0.295 0.314 0.317
LYS01A0026_002 0.000 0.000 0.000 0.000 0.000 0.000 0.000 0.000 0.001 0.006 0.051 0.208 0.312 0.332 0.335
LYS01A0026_003 0.000 0.000 0.000 0.000 0.000 0.000 0.000 0.000 0.001 0.008 0.059 0.210 0.323 0.346 0.348
LYS+1A0026_004 1.000 1.000 1.000 1.000 1.000 1.000 1.000 1.000 0.997 0.980 0.838 0.391 0.070 0.007 0.000
ALA01A0027_001 1.000 1.000 1.000 1.000 1.000 1.000 1.000 1.000 1.000 1.000 1.000 1.000 1.000 1.000 1.000
LEU01A0029_001 1.000 1.000 1.000 1.000 1.000 1.000 1.000 1.000 1.000 1.000 1.000 1.000 1.000 1.000 1.000
CYD01A0030_001 1.000 1.000 1.000 1.000 1.000 1.000 1.000 1.000 1.000 1.000 1.000 1.000 1.000 1.000 1.000
GLN01A0031_001 0.390 0.386 0.389 0.391 0.393 0.387 0.390 0.395 0.386 0.385 0.395 0.397 0.398 0.404 0.399
GLN01A0031_002 0.610 0.614 0.611 0.609 0.607 0.613 0.610 0.605 0.614 0.615 0.605 0.603 0.602 0.596 0.601
THR01A0032_001 0.252 0.258 0.249 0.248 0.247 0.247 0.246 0.243 0.248 0.244 0.241 0.226 0.226 0.223 0.226
THR01A0032_002 0.355 0.353 0.358 0.361 0.355 0.353 0.358 0.363 0.358 0.357 0.357 0.346 0.344 0.348 0.356
THR01A0032_003 0.153 0.154 0.148 0.151 0.154 0.152 0.154 0.153 0.154 0.155 0.155 0.164 0.165 0.164 0.159
THR01A0032_004 0.240 0.235 0.245 0.240 0.244 0.247 0.241 0.241 0.240 0.244 0.248 0.264 0.265 0.265 0.259
PHE01A0033_001 1.000 1.000 1.000 1.000 1.000 1.000 1.000 1.000 1.000 1.000 1.000 1.000 1.000 1.000 1.000
VAL01A0034_001 1.000 1.000 1.000 1.000 1.000 1.000 1.000 1.000 1.000 1.000 1.000 1.000 1.000 1.000 1.000
TYR01A0035_001 0.449 0.461 0.459 0.451 0.456 0.449 0.446 0.447 0.367 0.159 0.044 0.008 0.002 0.002 0.000
TYR01A0035_002 0.066 0.064 0.062 0.066 0.069 0.068 0.066 0.064 0.054 0.024 0.009 0.002 0.000 0.000 0.000
TYR01A0035_003 0.089 0.086 0.085 0.088 0.090 0.088 0.087 0.084 0.071 0.033 0.008 0.002 0.000 0.000 0.000
TYR01A0035_004 0.218 0.220 0.221 0.223 0.216 0.227 0.224 0.225 0.186 0.082 0.020 0.005 0.001 0.000 0.000
TYR01A0035_005 0.151 0.141 0.146 0.145 0.140 0.139 0.147 0.135 0.115 0.048 0.014 0.002 0.000 0.000 0.000
TYR01A0035_006 0.027 0.027 0.027 0.028 0.029 0.027 0.030 0.027 0.022 0.011 0.002 0.001 0.000 0.000 0.000
TYR-1A0035_007 0.000 0.000 0.000 0.000 0.000 0.000 0.000 0.018 0.184 0.644 0.903 0.980 0.997 0.998 0.999
CYD01A0038_001 1.000 1.000 1.000 1.000 1.000 1.000 1.000 1.000 1.000 1.000 1.000 1.000 1.000 1.000 1.000
ARG01A0039_001 0.000 0.000 0.000 0.000 0.000 0.000 0.000 0.000 0.000 0.000 0.001 0.009 0.052 0.243 0.254
ARG02A0039_002 0.000 0.000 0.000 0.000 0.000 0.000 0.000 0.000 0.000 0.000 0.001 0.007 0.037 0.177 0.185
ARG02A0039_003 0.000 0.000 0.000 0.000 0.000 0.000 0.000 0.000 0.000 0.000 0.000 0.005 0.031 0.159 0.161
ARG03A0039_004 0.000 0.000 0.000 0.000 0.000 0.000 0.000 0.000 0.000 0.000 0.001 0.005 0.035 0.166 0.176
ARG03A0039_005 0.000 0.000 0.000 0.000 0.000 0.000 0.000 0.000 0.000 0.000 0.001 0.006 0.035 0.164 0.174
ARG+1A0039_006 1.000 1.000 1.000 1.000 1.000 1.000 1.000 1.000 1.000 1.000 0.997 0.967 0.809 0.091 0.049
ALA01A0040_001 1.000 1.000 1.000 1.000 1.000 1.000 1.000 1.000 1.000 1.000 1.000 1.000 1.000 1.000 1.000
LYS01A0041_001 0.000 0.000 0.000 0.000 0.000 0.000 0.000 0.000 0.001 0.003 0.019 0.083 0.241 0.327 0.346
LYS01A0041_002 0.000 0.000 0.000 0.000 0.000 0.000 0.000 0.000 0.001 0.004 0.018 0.069 0.201 0.279 0.294
LYS01A0041_003 0.000 0.000 0.000 0.000 0.000 0.000 0.000 0.000 0.001 0.004 0.020 0.086 0.246 0.339 0.355
LYS+1A0041_004 1.000 1.000 1.000 1.000 1.000 1.000 1.000 1.000 0.998 0.989 0.943 0.762 0.312 0.055 0.006
ARG01A0042_001 0.000 0.000 0.000 0.000 0.000 0.000 0.000 0.000 0.000 0.000 0.001 0.004 0.025 0.115 0.200
ARG02A0042_002 0.000 0.000 0.000 0.000 0.000 0.000 0.000 0.000 0.000 0.000 0.002 0.003 0.023 0.111 0.207
ARG02A0042_003 0.000 0.000 0.000 0.000 0.000 0.000 0.000 0.000 0.000 0.000 0.000 0.003 0.018 0.084 0.165
ARG03A0042_004 0.000 0.000 0.000 0.000 0.000 0.000 0.000 0.000 0.000 0.000 0.001 0.003 0.021 0.085 0.158
ARG03A0042_005 0.000 0.000 0.000 0.000 0.000 0.000 0.000 0.000 0.000 0.000 0.001 0.002 0.019 0.092 0.165
ARG+1A0042_006 1.000 1.000 1.000 1.000 1.000 1.000 1.000 1.000 1.000 1.000 0.995 0.985 0.894 0.513 0.105
ASN01A0043_001 1.000 1.000 1.000 1.000 1.000 1.000 1.000 1.000 1.000 1.000 1.000 1.000 1.000 1.000 1.000
ASN01A0044_001 1.000 1.000 1.000 1.000 1.000 1.000 1.000 1.000 1.000 1.000 1.000 1.000 1.000 1.000 1.000
PHE01A0045_001 1.000 1.000 1.000 1.000 1.000 1.000 1.000 1.000 1.000 1.000 1.000 1.000 1.000 1.000 1.000
LYS01A0046_001 0.000 0.000 0.000 0.000 0.000 0.000 0.000 0.000 0.001 0.013 0.069 0.233 0.336 0.349 0.360
LYS01A0046_002 0.000 0.000 0.000 0.000 0.000 0.000 0.000 0.000 0.001 0.011 0.064 0.219 0.308 0.326 0.325
LYS01A0046_003 0.000 0.000 0.000 0.000 0.000 0.000 0.000 0.000 0.002 0.011 0.060 0.211 0.298 0.315 0.315
LYS+1A0046_004 1.000 1.000 1.000 1.000 1.000 1.000 1.000 1.000 0.995 0.966 0.807 0.337 0.059 0.010 0.000
SER01A0047_001 0.002 0.001 0.000 0.001 0.002 0.002 0.001 0.002 0.000 0.001 0.002 0.002 0.002 0.002 0.003
SER01A0047_002 0.537 0.509 0.427 0.388 0.402 0.405 0.408 0.409 0.403 0.401 0.388 0.378 0.370 0.364 0.371
SER01A0047_003 0.048 0.051 0.083 0.098 0.097 0.095 0.095 0.095 0.097 0.095 0.102 0.116 0.118 0.124 0.125
SER01A0047_004 0.050 0.046 0.038 0.038 0.045 0.053 0.052 0.050 0.051 0.050 0.053 0.053 0.054 0.056 0.055
SER01A0047_005 0.364 0.392 0.452 0.475 0.454 0.445 0.443 0.444 0.449 0.453 0.456 0.450 0.456 0.454 0.446
ALA01A0048_001 1.000 1.000 1.000 1.000 1.000 1.000 1.000 1.000 1.000 1.000 1.000 1.000 1.000 1.000 1.000
GLU01A0049_001 0.198 0.190 0.183 0.147 0.048 0.007 0.001 0.000 0.000 0.000 0.000 0.000 0.000 0.000 0.000
GLU01A0049_002 0.511 0.513 0.481 0.384 0.134 0.018 0.002 0.000 0.000 0.000 0.000 0.000 0.000 0.000 0.000
GLU01A0049_003 0.087 0.087 0.087 0.070 0.025 0.003 0.000 0.000 0.000 0.000 0.000 0.000 0.000 0.000 0.000
GLU02A0049_004 0.145 0.147 0.151 0.128 0.042 0.006 0.001 0.000 0.000 0.000 0.000 0.000 0.000 0.000 0.000
GLU02A0049_005 0.000 0.001 0.000 0.000 0.000 0.000 0.000 0.000 0.000 0.000 0.000 0.000 0.000 0.000 0.000
GLU02A0049_006 0.059 0.058 0.064 0.055 0.019 0.003 0.000 0.000 0.000 0.000 0.000 0.000 0.000 0.000 0.000
GLU-1A0049_007 0.000 0.004 0.034 0.217 0.732 0.963 0.995 1.000 1.000 1.000 1.000 1.000 1.000 1.000 1.000
ASP01A0050_001 0.066 0.057 0.023 0.003 0.000 0.000 0.000 0.000 0.000 0.000 0.000 0.000 0.000 0.000 0.000
ASP01A0050_002 0.120 0.104 0.046 0.007 0.001 0.000 0.000 0.000 0.000 0.000 0.000 0.000 0.000 0.000 0.000
ASP01A0050_003 0.000 0.002 0.000 0.000 0.000 0.000 0.000 0.000 0.000 0.000 0.000 0.000 0.000 0.000 0.000
ASP01A0050_004 0.011 0.010 0.004 0.000 0.000 0.000 0.000 0.000 0.000 0.000 0.000 0.000 0.000 0.000 0.000
ASP01A0050_005 0.023 0.018 0.008 0.001 0.000 0.000 0.000 0.000 0.000 0.000 0.000 0.000 0.000 0.000 0.000
ASP01A0050_006 0.016 0.013 0.006 0.001 0.000 0.000 0.000 0.000 0.000 0.000 0.000 0.000 0.000 0.000 0.000
ASP01A0050_007 0.001 0.000 0.000 0.000 0.000 0.000 0.000 0.000 0.000 0.000 0.000 0.000 0.000 0.000 0.000
ASP01A0050_008 0.034 0.029 0.012 0.002 0.000 0.000 0.000 0.000 0.000 0.000 0.000 0.000 0.000 0.000 0.000
ASP01A0050_009 0.024 0.021 0.009 0.001 0.001 0.000 0.000 0.000 0.000 0.000 0.000 0.000 0.000 0.000 0.000
ASP01A0050_010 0.000 0.000 0.000 0.000 0.000 0.000 0.000 0.000 0.000 0.000 0.000 0.000 0.000 0.000 0.000
ASP02A0050_011 0.109 0.088 0.038 0.006 0.001 0.000 0.000 0.000 0.000 0.000 0.000 0.000 0.000 0.000 0.000
ASP02A0050_012 0.181 0.158 0.067 0.011 0.002 0.000 0.000 0.000 0.000 0.000 0.000 0.000 0.000 0.000 0.000
ASP02A0050_013 0.067 0.058 0.025 0.003 0.001 0.000 0.000 0.000 0.000 0.000 0.000 0.000 0.000 0.000 0.000
ASP02A0050_014 0.118 0.103 0.046 0.006 0.001 0.000 0.000 0.000 0.000 0.000 0.000 0.000 0.000 0.000 0.000
ASP02A0050_015 0.057 0.044 0.021 0.004 0.001 0.000 0.000 0.000 0.000 0.000 0.000 0.000 0.000 0.000 0.000
ASP02A0050_016 0.026 0.021 0.008 0.001 0.000 0.000 0.000 0.000 0.000 0.000 0.000 0.000 0.000 0.000 0.000
ASP02A0050_017 0.093 0.085 0.037 0.006 0.000 0.000 0.000 0.000 0.000 0.000 0.000 0.000 0.000 0.000 0.000
ASP02A0050_018 0.036 0.033 0.013 0.002 0.000 0.000 0.000 0.000 0.000 0.000 0.000 0.000 0.000 0.000 0.000
ASP-1A0050_019 0.009 0.067 0.284 0.410 0.435 0.443 0.452 0.452 0.452 0.448 0.446 0.446 0.446 0.434 0.427
ASP-1A0050_020 0.010 0.089 0.352 0.533 0.556 0.555 0.548 0.548 0.548 0.552 0.554 0.554 0.554 0.566 0.573
CYD01A0051_001 1.000 1.000 1.000 1.000 1.000 1.000 1.000 1.000 1.000 1.000 1.000 1.000 1.000 1.000 1.000
MET01A0052_001 1.000 1.000 1.000 1.000 1.000 1.000 1.000 1.000 1.000 1.000 1.000 1.000 1.000 1.000 1.000
ARG01A0053_001 0.000 0.000 0.000 0.000 0.000 0.000 0.000 0.000 0.000 0.000 0.000 0.005 0.044 0.162 0.199
ARG02A0053_002 0.000 0.000 0.000 0.000 0.000 0.000 0.000 0.000 0.000 0.000 0.001 0.006 0.053 0.194 0.243
ARG02A0053_003 0.000 0.000 0.000 0.000 0.000 0.000 0.000 0.000 0.000 0.000 0.000 0.004 0.033 0.130 0.162
ARG03A0053_004 0.000 0.000 0.000 0.000 0.000 0.000 0.000 0.000 0.000 0.000 0.000 0.001 0.014 0.049 0.060
ARG03A0053_005 0.000 0.000 0.000 0.000 0.000 0.000 0.000 0.000 0.000 0.000 0.000 0.004 0.030 0.114 0.143
ARG+1A0053_006 1.000 1.000 1.000 1.000 1.000 1.000 1.000 1.000 1.000 1.000 0.998 0.980 0.826 0.351 0.193
THR01A0054_001 0.170 0.173 0.181 0.190 0.194 0.196 0.194 0.199 0.200 0.204 0.200 0.204 0.211 0.219 0.221
THR01A0054_002 0.217 0.216 0.216 0.219 0.220 0.223 0.216 0.219 0.218 0.214 0.217 0.222 0.218 0.219 0.224
THR01A0054_003 0.214 0.207 0.197 0.186 0.185 0.179 0.179 0.179 0.180 0.185 0.179 0.170 0.163 0.160 0.150
THR01A0054_004 0.194 0.196 0.213 0.218 0.216 0.220 0.224 0.217 0.221 0.211 0.219 0.227 0.234 0.238 0.242
THR01A0054_005 0.205 0.208 0.192 0.187 0.186 0.182 0.187 0.186 0.181 0.186 0.185 0.177 0.174 0.164 0.163
CYD01A0055_001 1.000 1.000 1.000 1.000 1.000 1.000 1.000 1.000 1.000 1.000 1.000 1.000 1.000 1.000 1.000
ALA01A0058_001 1.000 1.000 1.000 1.000 1.000 1.000 1.000 1.000 1.000 1.000 1.000 1.000 1.000 1.000 1.000
CTR01A0058_001 0.279 0.277 0.266 0.234 0.109 0.005 0.001 0.000 0.000 0.000 0.000 0.000 0.000 0.000 0.000
CTR01A0058_002 0.318 0.313 0.313 0.269 0.123 0.005 0.001 0.000 0.000 0.000 0.000 0.000 0.000 0.000 0.000
CTR02A0058_003 0.265 0.267 0.262 0.229 0.106 0.004 0.001 0.000 0.000 0.000 0.000 0.000 0.000 0.000 0.000
CTR02A0058_004 0.139 0.143 0.142 0.126 0.059 0.002 0.000 0.000 0.000 0.000 0.000 0.000 0.000 0.000 0.000
CTR-1A0058_005 0.000 0.000 0.017 0.142 0.604 0.984 0.997 1.000 1.000 1.000 1.000 1.000 1.000 1.000 1.000
HOH01A0111_001 0.008 0.011 0.009 0.008 0.007 0.005 0.003 0.004 0.002 0.002 0.002 0.002 0.002 0.003 0.007
HOH01A0111_002 0.011 0.014 0.011 0.011 0.012 0.012 0.011 0.010 0.005 0.005 0.006 0.006 0.006 0.006 0.018
HOH01A0111_003 0.010 0.008 0.010 0.010 0.014 0.013 0.016 0.017 0.008 0.008 0.012 0.010 0.010 0.008 0.015
HOH01A0111_004 0.037 0.037 0.039 0.046 0.074 0.094 0.104 0.093 0.053 0.042 0.037 0.039 0.044 0.038 0.092
HOH01A0111_005 0.013 0.013 0.013 0.011 0.007 0.004 0.002 0.003 0.001 0.002 0.002 0.001 0.002 0.001 0.003
HOH01A0111_006 0.050 0.048 0.047 0.049 0.031 0.019 0.016 0.013 0.008 0.007 0.008 0.008 0.007 0.007 0.019
HOH01A0111_007 0.030 0.029 0.030 0.028 0.025 0.017 0.022 0.021 0.012 0.009 0.011 0.010 0.006 0.008 0.016
HOH01A0111_008 0.051 0.048 0.047 0.049 0.055 0.056 0.056 0.066 0.030 0.025 0.024 0.024 0.020 0.019 0.047
HOH01A0111_009 0.047 0.045 0.046 0.040 0.030 0.019 0.016 0.013 0.009 0.007 0.008 0.007 0.008 0.008 0.021
HOH01A0111_010 0.019 0.022 0.021 0.016 0.012 0.005 0.004 0.003 0.002 0.001 0.002 0.001 0.002 0.002 0.005
HOH01A0111_011 0.027 0.023 0.025 0.031 0.044 0.064 0.069 0.062 0.030 0.034 0.023 0.029 0.031 0.031 0.070
HOH01A0111_012 0.012 0.011 0.013 0.012 0.016 0.016 0.019 0.018 0.009 0.010 0.010 0.010 0.008 0.008 0.017
HOH01A0111_013 0.010 0.009 0.010 0.009 0.006 0.005 0.003 0.005 0.003 0.002 0.002 0.002 0.002 0.003 0.007
HOH01A0111_014 0.007 0.007 0.007 0.006 0.006 0.007 0.007 0.006 0.003 0.003 0.004 0.005 0.005 0.006 0.010
HOH01A0111_015 0.021 0.021 0.021 0.023 0.034 0.043 0.043 0.046 0.023 0.021 0.019 0.023 0.024 0.023 0.058
HOH01A0111_016 0.021 0.018 0.018 0.019 0.022 0.026 0.025 0.027 0.013 0.012 0.013 0.010 0.015 0.013 0.029
HOH01A0111_017 0.006 0.007 0.008 0.007 0.009 0.012 0.014 0.013 0.007 0.007 0.007 0.006 0.007 0.008 0.013
HOH01A0111_018 0.015 0.016 0.014 0.012 0.008 0.005 0.004 0.003 0.002 0.001 0.002 0.002 0.002 0.001 0.004
HOH01A0111_019 0.008 0.009 0.008 0.007 0.004 0.002 0.003 0.002 0.001 0.001 0.000 0.001 0.001 0.001 0.003
HOH01A0111_020 0.025 0.027 0.026 0.023 0.014 0.007 0.005 0.005 0.002 0.003 0.003 0.003 0.003 0.003 0.007
HOH01A0111_021 0.038 0.040 0.039 0.037 0.037 0.036 0.037 0.038 0.019 0.013 0.016 0.017 0.018 0.017 0.044
HOH01A0111_022 0.027 0.025 0.025 0.026 0.021 0.016 0.012 0.012 0.007 0.007 0.006 0.008 0.008 0.008 0.018
HOH01A0111_023 0.018 0.019 0.019 0.021 0.022 0.020 0.020 0.021 0.011 0.011 0.010 0.009 0.010 0.011 0.029
HOH01A0111_024 0.028 0.026 0.030 0.033 0.037 0.045 0.042 0.045 0.022 0.019 0.017 0.022 0.020 0.019 0.040
HOH01A0111_025 0.051 0.050 0.055 0.059 0.091 0.131 0.119 0.128 0.067 0.058 0.049 0.050 0.048 0.040 0.098
HOH01A0111_026 0.014 0.014 0.015 0.015 0.021 0.018 0.025 0.028 0.012 0.015 0.013 0.012 0.010 0.013 0.020
HOH01A0111_027 0.015 0.015 0.016 0.016 0.014 0.014 0.016 0.016 0.009 0.008 0.008 0.007 0.007 0.006 0.013
HOH01A0111_028 0.005 0.004 0.005 0.004 0.005 0.004 0.008 0.009 0.005 0.006 0.005 0.003 0.003 0.004 0.004
HOH01A0111_029 0.018 0.016 0.018 0.014 0.010 0.004 0.005 0.004 0.002 0.003 0.003 0.002 0.002 0.002 0.004
HOH01A0111_030 0.022 0.020 0.022 0.019 0.011 0.007 0.007 0.006 0.004 0.003 0.003 0.003 0.003 0.003 0.005
HOH01A0111_031 0.018 0.018 0.017 0.015 0.010 0.006 0.004 0.006 0.002 0.003 0.003 0.003 0.003 0.002 0.004
HOH01A0111_032 0.039 0.039 0.038 0.036 0.025 0.014 0.011 0.010 0.005 0.005 0.005 0.005 0.005 0.004 0.013
HOH01A0111_033 0.027 0.031 0.028 0.027 0.017 0.010 0.008 0.008 0.005 0.004 0.005 0.005 0.005 0.006 0.009
HOH01A0111_034 0.035 0.039 0.035 0.032 0.022 0.011 0.011 0.009 0.004 0.005 0.004 0.004 0.005 0.005 0.010
HOH01A0111_035 0.041 0.044 0.043 0.051 0.048 0.055 0.058 0.055 0.026 0.029 0.019 0.021 0.022 0.020 0.051
HOH01A0111_036 0.055 0.057 0.059 0.059 0.064 0.060 0.069 0.057 0.031 0.028 0.027 0.022 0.026 0.027 0.058
HOH01A0111_037 0.046 0.042 0.038 0.042 0.041 0.043 0.043 0.046 0.021 0.022 0.018 0.018 0.017 0.019 0.038
HOH01A0111_038 0.023 0.022 0.022 0.023 0.024 0.029 0.027 0.031 0.016 0.019 0.016 0.013 0.012 0.013 0.024
HOHDMA0111_039 0.052 0.056 0.056 0.054 0.048 0.045 0.038 0.040 0.511 0.541 0.575 0.579 0.570 0.583 0.054
HOH01A0112_001 0.008 0.007 0.008 0.007 0.007 0.006 0.003 0.003 0.003 0.003 0.005 0.004 0.006 0.005 0.011
HOH01A0112_002 0.002 0.002 0.002 0.002 0.002 0.002 0.001 0.001 0.000 0.000 0.000 0.001 0.000 0.002 0.002
HOH01A0112_003 0.077 0.076 0.079 0.083 0.069 0.065 0.035 0.036 0.044 0.045 0.052 0.045 0.043 0.042 0.066
HOH01A0112_004 0.023 0.024 0.025 0.029 0.031 0.038 0.025 0.027 0.017 0.018 0.018 0.016 0.018 0.018 0.043
HOH01A0112_005 0.008 0.008 0.007 0.007 0.006 0.004 0.003 0.002 0.003 0.003 0.003 0.004 0.004 0.004 0.005
HOH01A0112_006 0.002 0.000 0.002 0.002 0.002 0.000 0.001 0.002 0.000 0.000 0.002 0.002 0.001 0.001 0.000
HOH01A0112_007 0.077 0.079 0.076 0.073 0.086 0.091 0.054 0.054 0.052 0.042 0.039 0.042 0.039 0.043 0.073
HOH01A0112_008 0.019 0.016 0.015 0.016 0.017 0.014 0.009 0.008 0.009 0.010 0.008 0.008 0.007 0.007 0.012
HOH01A0112_009 0.000 0.002 0.002 0.000 0.002 0.002 0.000 0.000 0.001 0.002 0.001 0.001 0.001 0.001 0.002
HOH01A0112_010 0.004 0.004 0.003 0.003 0.003 0.000 0.000 0.001 0.000 0.001 0.000 0.000 0.002 0.001 0.002
HOH01A0112_011 0.037 0.043 0.041 0.045 0.057 0.066 0.041 0.045 0.032 0.030 0.029 0.028 0.030 0.031 0.067
HOH01A0112_012 0.055 0.058 0.056 0.055 0.050 0.045 0.029 0.030 0.037 0.040 0.041 0.038 0.037 0.037 0.049
HOH01A0112_013 0.005 0.005 0.006 0.006 0.005 0.005 0.004 0.003 0.003 0.003 0.004 0.003 0.004 0.004 0.008
HOH01A0112_014 0.009 0.010 0.010 0.011 0.011 0.016 0.011 0.008 0.010 0.008 0.009 0.009 0.010 0.011 0.023
HOH01A0112_015 0.023 0.022 0.019 0.020 0.018 0.018 0.012 0.010 0.014 0.015 0.015 0.014 0.015 0.015 0.026
HOH01A0112_016 0.045 0.045 0.046 0.046 0.042 0.043 0.029 0.030 0.027 0.028 0.031 0.028 0.026 0.031 0.056
HOH01A0112_017 0.017 0.017 0.019 0.018 0.020 0.018 0.013 0.014 0.017 0.018 0.016 0.018 0.015 0.016 0.028
HOH01A0112_018 0.022 0.023 0.023 0.020 0.016 0.014 0.007 0.007 0.012 0.012 0.013 0.011 0.012 0.013 0.018
HOH01A0112_019 0.014 0.014 0.013 0.014 0.011 0.010 0.005 0.004 0.008 0.009 0.009 0.007 0.008 0.007 0.012
HOH01A0112_020 0.019 0.018 0.017 0.018 0.021 0.020 0.015 0.016 0.014 0.011 0.012 0.012 0.009 0.011 0.018
HOH01A0112_021 0.064 0.067 0.062 0.059 0.055 0.057 0.034 0.037 0.041 0.042 0.034 0.034 0.033 0.038 0.046
HOH01A0112_022 0.113 0.094 0.100 0.110 0.118 0.131 0.082 0.080 0.081 0.071 0.063 0.055 0.059 0.063 0.105
HOH01A0112_023 0.078 0.077 0.075 0.079 0.090 0.094 0.062 0.060 0.056 0.057 0.057 0.048 0.054 0.059 0.089
HOH01A0112_024 0.062 0.064 0.066 0.060 0.050 0.041 0.025 0.024 0.028 0.031 0.032 0.034 0.029 0.030 0.046
HOH01A0112_025 0.028 0.030 0.034 0.028 0.024 0.017 0.012 0.011 0.013 0.016 0.013 0.015 0.012 0.012 0.018
HOH01A0112_026 0.047 0.053 0.048 0.048 0.039 0.038 0.022 0.024 0.032 0.028 0.029 0.025 0.031 0.025 0.039
HOH01A0112_027 0.013 0.016 0.015 0.013 0.011 0.012 0.006 0.005 0.009 0.008 0.007 0.007 0.008 0.007 0.013
HOH01A0112_028 0.008 0.008 0.008 0.007 0.006 0.005 0.003 0.003 0.002 0.004 0.004 0.004 0.003 0.003 0.004
HOH01A0112_029 0.054 0.051 0.051 0.052 0.058 0.055 0.035 0.037 0.031 0.028 0.032 0.026 0.028 0.026 0.048
HOH01A0112_030 0.007 0.008 0.008 0.008 0.006 0.008 0.004 0.005 0.005 0.003 0.005 0.002 0.003 0.004 0.005
HOH01A0112_031 0.028 0.027 0.029 0.030 0.032 0.033 0.023 0.021 0.021 0.018 0.019 0.021 0.016 0.017 0.030
HOHDMA0112_032 0.034 0.033 0.034 0.032 0.034 0.031 0.396 0.392 0.377 0.397 0.396 0.434 0.441 0.414 0.038
HOH01A0113_001 0.000 0.002 0.002 0.000 0.002 0.001 0.000 0.000 0.000 0.003 0.002 0.003 0.003 0.003 0.003
HOH01A0113_002 0.002 0.003 0.003 0.003 0.002 0.000 0.000 0.003 0.000 0.003 0.003 0.003 0.004 0.003 0.002
HOH01A0113_003 0.000 0.000 0.000 0.000 0.000 0.000 0.000 0.000 0.000 0.000 0.000 0.000 0.000 0.000 0.000
HOH01A0113_004 0.002 0.002 0.000 0.000 0.002 0.001 0.002 0.001 0.001 0.000 0.000 0.001 0.001 0.000 0.001
HOH01A0113_005 0.030 0.031 0.031 0.030 0.026 0.017 0.019 0.031 0.024 0.041 0.043 0.041 0.040 0.040 0.024
HOH01A0113_006 0.171 0.157 0.166 0.174 0.173 0.124 0.115 0.152 0.111 0.161 0.167 0.172 0.178 0.180 0.154
HOH01A0113_007 0.019 0.020 0.020 0.019 0.019 0.019 0.015 0.022 0.014 0.015 0.010 0.012 0.010 0.011 0.011
HOH01A0113_008 0.076 0.075 0.071 0.077 0.081 0.065 0.070 0.091 0.062 0.061 0.051 0.048 0.047 0.045 0.034
HOH01A0113_009 0.065 0.068 0.064 0.063 0.066 0.044 0.043 0.060 0.045 0.061 0.068 0.065 0.069 0.065 0.047
HOH01A0113_010 0.017 0.018 0.018 0.016 0.014 0.010 0.011 0.016 0.013 0.022 0.024 0.023 0.020 0.021 0.013
HOH01A0113_011 0.008 0.010 0.008 0.008 0.010 0.007 0.008 0.012 0.007 0.009 0.006 0.006 0.007 0.008 0.005
HOH01A0113_012 0.002 0.000 0.002 0.002 0.000 0.002 0.002 0.002 0.002 0.003 0.003 0.002 0.002 0.000 0.000
HOH01A0113_013 0.050 0.051 0.050 0.051 0.047 0.031 0.031 0.045 0.030 0.056 0.061 0.062 0.059 0.059 0.041
HOH01A0113_014 0.040 0.043 0.041 0.040 0.037 0.025 0.025 0.038 0.029 0.052 0.056 0.061 0.065 0.059 0.045
HOH01A0113_015 0.031 0.034 0.033 0.029 0.025 0.019 0.018 0.027 0.023 0.035 0.040 0.042 0.044 0.045 0.028
HOH01A0113_016 0.033 0.037 0.037 0.033 0.033 0.025 0.024 0.037 0.027 0.036 0.038 0.043 0.050 0.042 0.030
HOH01A0113_017 0.000 0.000 0.000 0.000 0.000 0.000 0.000 0.000 0.000 0.000 0.000 0.000 0.000 0.000 0.000
HOH01A0113_018 0.000 0.000 0.000 0.001 0.000 0.001 0.000 0.000 0.000 0.000 0.000 0.000 0.001 0.001 0.000
HOH01A0113_019 0.183 0.170 0.174 0.175 0.178 0.124 0.126 0.183 0.123 0.178 0.166 0.168 0.152 0.165 0.118
HOH01A0113_020 0.117 0.122 0.118 0.122 0.119 0.089 0.078 0.111 0.080 0.115 0.119 0.109 0.110 0.115 0.087
HOH01A0113_021 0.065 0.067 0.067 0.063 0.063 0.046 0.045 0.062 0.051 0.060 0.063 0.065 0.065 0.063 0.047
HOH01A0113_022 0.023 0.024 0.024 0.025 0.028 0.021 0.019 0.028 0.018 0.021 0.017 0.018 0.018 0.017 0.014
HOH01A0113_023 0.033 0.036 0.037 0.038 0.043 0.032 0.030 0.043 0.027 0.032 0.027 0.024 0.024 0.024 0.020
HOHDMA0113_024 0.033 0.032 0.034 0.031 0.031 0.298 0.323 0.034 0.313 0.036 0.033 0.033 0.032 0.034 0.277
HOH01A0122_001 0.001 0.001 0.001 0.001 0.001 0.001 0.001 0.001 0.002 0.001 0.000 0.000 0.000 0.000 0.000
HOH01A0122_002 0.001 0.001 0.001 0.001 0.001 0.001 0.002 0.002 0.002 0.002 0.001 0.001 0.000 0.000 0.000
HOH01A0122_003 0.011 0.009 0.010 0.010 0.012 0.011 0.009 0.010 0.017 0.023 0.015 0.013 0.015 0.018 0.015
HOH01A0122_004 0.033 0.032 0.035 0.031 0.033 0.032 0.034 0.030 0.057 0.044 0.028 0.037 0.034 0.039 0.036
HOH01A0122_005 0.000 0.001 0.001 0.001 0.001 0.001 0.001 0.000 0.000 0.000 0.000 0.000 0.000 0.000 0.000
HOH01A0122_006 0.003 0.002 0.002 0.003 0.003 0.002 0.002 0.002 0.003 0.002 0.001 0.000 0.002 0.001 0.001
HOH01A0122_007 0.014 0.015 0.016 0.016 0.016 0.016 0.018 0.014 0.026 0.027 0.018 0.019 0.021 0.018 0.017
HOH01A0122_008 0.102 0.100 0.107 0.109 0.110 0.108 0.099 0.111 0.192 0.199 0.131 0.139 0.131 0.134 0.128
HOH01A0122_009 0.014 0.012 0.012 0.013 0.013 0.013 0.012 0.012 0.017 0.012 0.007 0.006 0.005 0.006 0.005
HOH01A0122_010 0.004 0.005 0.006 0.005 0.005 0.003 0.005 0.005 0.009 0.005 0.002 0.002 0.003 0.003 0.002
HOH01A0122_011 0.027 0.023 0.026 0.026 0.026 0.028 0.024 0.028 0.043 0.046 0.031 0.031 0.027 0.035 0.033
HOH01A0122_012 0.012 0.013 0.012 0.012 0.012 0.014 0.011 0.013 0.021 0.025 0.018 0.022 0.018 0.019 0.017
HOH01A0122_013 0.025 0.023 0.024 0.026 0.021 0.024 0.024 0.024 0.040 0.036 0.023 0.020 0.021 0.024 0.023
HOH01A0122_014 0.004 0.004 0.004 0.003 0.003 0.003 0.004 0.003 0.006 0.005 0.004 0.004 0.004 0.003 0.003
HOH01A0122_015 0.003 0.002 0.003 0.002 0.002 0.003 0.003 0.003 0.005 0.004 0.003 0.003 0.003 0.003 0.003
HOH01A0122_016 0.014 0.014 0.013 0.013 0.012 0.015 0.013 0.012 0.021 0.020 0.013 0.013 0.012 0.015 0.013
HOH01A0122_017 0.008 0.008 0.008 0.007 0.007 0.009 0.008 0.008 0.010 0.013 0.007 0.005 0.006 0.006 0.006
HOH01A0122_018 0.004 0.004 0.004 0.004 0.003 0.004 0.004 0.004 0.006 0.006 0.005 0.004 0.004 0.003 0.004
HOH01A0122_019 0.012 0.012 0.009 0.010 0.011 0.010 0.011 0.009 0.019 0.020 0.016 0.016 0.017 0.014 0.018
HOH01A0122_020 0.039 0.039 0.041 0.036 0.038 0.038 0.039 0.043 0.069 0.068 0.040 0.048 0.049 0.048 0.047
HOH01A0122_021 0.051 0.049 0.048 0.051 0.049 0.052 0.056 0.055 0.094 0.096 0.076 0.075 0.072 0.080 0.077
HOH01A0122_022 0.038 0.034 0.037 0.037 0.036 0.034 0.039 0.038 0.065 0.070 0.057 0.055 0.055 0.059 0.058
HOH01A0122_023 0.002 0.002 0.002 0.000 0.002 0.002 0.002 0.002 0.004 0.004 0.004 0.004 0.004 0.003 0.003
HOH01A0122_024 0.013 0.013 0.013 0.013 0.013 0.013 0.012 0.013 0.024 0.024 0.016 0.017 0.016 0.018 0.019
HOH01A0122_025 0.059 0.062 0.057 0.058 0.058 0.055 0.057 0.054 0.100 0.101 0.067 0.073 0.068 0.070 0.071
HOH01A0122_026 0.009 0.008 0.008 0.008 0.008 0.009 0.007 0.010 0.014 0.014 0.009 0.010 0.009 0.009 0.009
HOH01A0122_027 0.051 0.046 0.049 0.050 0.049 0.056 0.049 0.051 0.085 0.089 0.055 0.056 0.058 0.053 0.053
HOHDMA0122_028 0.444 0.466 0.449 0.453 0.455 0.442 0.454 0.443 0.049 0.043 0.354 0.325 0.347 0.318 0.339
