 ph              0.0   1.0   2.0   3.0   4.0   5.0   6.0   7.0   8.0   9.0  10.0  11.0  12.0  13.0  14.0
NTR01U0001_001 0.000 0.000 0.000 0.000 0.004 0.031 0.225 0.741 0.964 0.995 0.999 1.000 1.000 1.000 1.000
NTR+1U0001_002 1.000 1.000 1.000 1.000 0.996 0.969 0.775 0.259 0.036 0.005 0.001 0.000 0.000 0.000 0.000
MET01U0001_001 1.000 1.000 1.000 1.000 1.000 1.000 1.000 1.000 1.000 1.000 1.000 1.000 1.000 1.000 1.000
ASP01U0002_001 0.101 0.090 0.069 0.024 0.000 0.000 0.000 0.000 0.000 0.000 0.000 0.000 0.000 0.000 0.000
ASP01U0002_002 0.864 0.835 0.616 0.202 0.053 0.009 0.000 0.000 0.000 0.000 0.000 0.000 0.000 0.000 0.000
ASP02U0002_003 0.000 0.000 0.000 0.000 0.000 0.000 0.000 0.000 0.000 0.000 0.000 0.000 0.000 0.000 0.000
ASP02U0002_004 0.030 0.029 0.022 0.008 0.002 0.000 0.000 0.000 0.000 0.000 0.000 0.000 0.000 0.000 0.000
ASP-1U0002_005 0.005 0.045 0.292 0.766 0.945 0.991 1.000 1.000 1.000 1.000 1.000 1.000 1.000 1.000 1.000
ASP01U0003_001 0.000 0.000 0.000 0.000 0.000 0.000 0.000 0.000 0.000 0.000 0.000 0.000 0.000 0.000 0.000
ASP01U0003_002 0.285 0.300 0.294 0.246 0.119 0.029 0.004 0.001 0.000 0.000 0.000 0.000 0.000 0.000 0.000
ASP02U0003_003 0.042 0.039 0.037 0.032 0.016 0.000 0.000 0.000 0.000 0.000 0.000 0.000 0.000 0.000 0.000
ASP02U0003_004 0.673 0.657 0.637 0.534 0.259 0.068 0.007 0.001 0.000 0.000 0.000 0.000 0.000 0.000 0.000
ASP-1U0003_005 0.000 0.003 0.032 0.188 0.607 0.903 0.989 0.998 1.000 1.000 1.000 1.000 1.000 1.000 1.000
ARG01U0005_001 0.000 0.000 0.000 0.000 0.000 0.000 0.000 0.000 0.000 0.000 0.000 0.000 0.002 0.013 0.064
ARG02U0005_002 0.000 0.000 0.000 0.000 0.000 0.000 0.000 0.000 0.000 0.000 0.000 0.000 0.006 0.033 0.169
ARG02U0005_003 0.000 0.000 0.000 0.000 0.000 0.000 0.000 0.000 0.000 0.000 0.000 0.000 0.001 0.014 0.063
ARG03U0005_004 0.000 0.000 0.000 0.000 0.000 0.000 0.000 0.000 0.000 0.000 0.000 0.000 0.005 0.035 0.179
ARG03U0005_005 0.000 0.000 0.000 0.000 0.000 0.000 0.000 0.000 0.000 0.000 0.000 0.000 0.001 0.005 0.030
ARG+1U0005_006 1.000 1.000 1.000 1.000 1.000 1.000 1.000 1.000 1.000 1.000 1.000 0.999 0.986 0.900 0.495
LYS01U0006_001 0.000 0.000 0.000 0.000 0.000 0.000 0.000 0.000 0.006 0.045 0.239 0.659 0.937 0.991 0.998
LYS+1U0006_002 1.000 1.000 1.000 1.000 1.000 1.000 1.000 1.000 0.994 0.955 0.761 0.341 0.063 0.009 0.002
LYS01U0007_001 0.000 0.000 0.000 0.000 0.000 0.000 0.000 0.000 0.003 0.033 0.231 0.687 0.946 0.993 0.999
LYS+1U0007_002 1.000 1.000 1.000 1.000 1.000 1.000 1.000 1.000 0.997 0.967 0.769 0.313 0.054 0.007 0.001
GLU01U0008_001 0.000 0.000 0.002 0.001 0.001 0.000 0.000 0.000 0.000 0.000 0.000 0.000 0.000 0.000 0.000
GLU01U0008_002 0.248 0.245 0.244 0.219 0.118 0.025 0.003 0.000 0.000 0.000 0.000 0.000 0.000 0.000 0.000
GLU02U0008_003 0.053 0.051 0.052 0.046 0.024 0.005 0.000 0.000 0.000 0.000 0.000 0.000 0.000 0.000 0.000
GLU02U0008_004 0.699 0.704 0.676 0.597 0.305 0.066 0.008 0.000 0.000 0.000 0.000 0.000 0.000 0.000 0.000
GLU-1U0008_005 0.000 0.000 0.025 0.137 0.552 0.903 0.988 1.000 1.000 1.000 1.000 1.000 1.000 1.000 1.000
LEU01U0009_001 1.000 1.000 1.000 1.000 1.000 1.000 1.000 1.000 1.000 1.000 1.000 1.000 1.000 1.000 1.000
HIS01U0010_001 0.000 0.000 0.000 0.000 0.002 0.009 0.058 0.191 0.242 0.253 0.267 0.291 0.300 0.302 0.325
HIS01U0010_002 0.000 0.000 0.000 0.000 0.000 0.000 0.005 0.019 0.026 0.023 0.023 0.017 0.014 0.012 0.008
HIS02U0010_003 0.000 0.000 0.000 0.000 0.000 0.008 0.052 0.178 0.229 0.234 0.218 0.188 0.164 0.152 0.106
HIS02U0010_004 0.000 0.000 0.000 0.000 0.004 0.015 0.103 0.338 0.463 0.486 0.492 0.504 0.521 0.534 0.560
HIS+1U0010_005 0.559 0.556 0.555 0.556 0.556 0.546 0.451 0.158 0.022 0.002 0.000 0.000 0.000 0.000 0.000
HIS+1U0010_006 0.441 0.444 0.445 0.444 0.438 0.422 0.331 0.115 0.018 0.002 0.000 0.000 0.000 0.000 0.000
ASP01U0011_001 0.002 0.000 0.002 0.002 0.001 0.000 0.000 0.000 0.000 0.000 0.000 0.000 0.000 0.000 0.000
ASP01U0011_002 0.512 0.512 0.515 0.474 0.282 0.072 0.008 0.000 0.000 0.000 0.000 0.000 0.000 0.000 0.000
ASP02U0011_003 0.029 0.028 0.028 0.027 0.013 0.003 0.000 0.000 0.000 0.000 0.000 0.000 0.000 0.000 0.000
ASP02U0011_004 0.457 0.460 0.442 0.398 0.235 0.057 0.006 0.000 0.000 0.000 0.000 0.000 0.000 0.000 0.000
ASP-1U0011_005 0.000 0.001 0.013 0.100 0.468 0.868 0.985 1.000 1.000 1.000 1.000 1.000 1.000 1.000 1.000
LEU01U0012_001 1.000 1.000 1.000 1.000 1.000 1.000 1.000 1.000 1.000 1.000 1.000 1.000 1.000 1.000 1.000
ASN01U0013_001 1.000 1.000 1.000 1.000 1.000 1.000 1.000 1.000 1.000 1.000 1.000 1.000 1.000 1.000 1.000
ASN01U0013_002 0.000 0.000 0.000 0.000 0.000 0.000 0.000 0.000 0.000 0.000 0.000 0.000 0.000 0.000 0.000
THR01U0014_001 0.056 0.056 0.063 0.062 0.059 0.054 0.051 0.038 0.034 0.030 0.033 0.031 0.031 0.031 0.031
THR01U0014_002 0.395 0.429 0.467 0.493 0.520 0.570 0.619 0.732 0.785 0.798 0.794 0.805 0.820 0.833 0.842
THR01U0014_003 0.550 0.514 0.470 0.446 0.420 0.376 0.330 0.231 0.181 0.172 0.173 0.164 0.149 0.136 0.128
ARG01U0015_001 0.000 0.000 0.000 0.000 0.000 0.000 0.000 0.000 0.000 0.000 0.000 0.000 0.016 0.043 0.055
ARG02U0015_002 0.000 0.000 0.000 0.000 0.000 0.000 0.000 0.000 0.000 0.000 0.000 0.001 0.006 0.020 0.026
ARG02U0015_003 0.000 0.000 0.000 0.000 0.000 0.000 0.000 0.000 0.000 0.000 0.003 0.027 0.186 0.605 0.776
ARG03U0015_004 0.000 0.000 0.000 0.000 0.000 0.000 0.000 0.000 0.000 0.000 0.001 0.005 0.030 0.092 0.112
ARG+1U0015_005 1.000 1.000 1.000 1.000 1.000 1.000 1.000 1.000 1.000 1.000 0.996 0.966 0.762 0.240 0.031
ALA01U0016_001 1.000 1.000 1.000 1.000 1.000 1.000 1.000 1.000 1.000 1.000 1.000 1.000 1.000 1.000 1.000
TRP01U0017_001 1.000 1.000 1.000 1.000 1.000 1.000 1.000 1.000 1.000 1.000 1.000 1.000 1.000 1.000 1.000
ASN01U0018_001 0.827 0.819 0.804 0.808 0.831 0.854 0.867 0.866 0.862 0.868 0.863 0.864 0.863 0.871 0.878
ASN01U0018_002 0.173 0.181 0.196 0.192 0.169 0.146 0.133 0.134 0.138 0.132 0.137 0.136 0.137 0.129 0.122
GLU01U0020_001 0.083 0.080 0.080 0.074 0.045 0.010 0.000 0.000 0.000 0.000 0.000 0.000 0.000 0.000 0.000
GLU01U0020_002 0.917 0.920 0.911 0.841 0.516 0.123 0.017 0.000 0.000 0.000 0.000 0.000 0.000 0.000 0.000
GLU02U0020_003 0.000 0.000 0.000 0.000 0.000 0.000 0.000 0.000 0.000 0.000 0.000 0.000 0.000 0.000 0.000
GLU02U0020_004 0.000 0.000 0.000 0.000 0.000 0.000 0.000 0.000 0.000 0.000 0.000 0.000 0.000 0.000 0.000
GLU-1U0020_005 0.000 0.000 0.009 0.084 0.440 0.867 0.983 1.000 1.000 1.000 1.000 1.000 1.000 1.000 1.000
GLU01U0021_001 0.007 0.008 0.007 0.009 0.007 0.000 0.001 0.000 0.000 0.000 0.000 0.000 0.000 0.000 0.000
GLU01U0021_002 0.233 0.247 0.255 0.244 0.190 0.063 0.009 0.001 0.000 0.000 0.000 0.000 0.000 0.000 0.000
GLU02U0021_003 0.052 0.047 0.047 0.043 0.035 0.012 0.001 0.000 0.000 0.000 0.000 0.000 0.000 0.000 0.000
GLU02U0021_004 0.707 0.699 0.691 0.668 0.503 0.173 0.023 0.003 0.000 0.000 0.000 0.000 0.000 0.000 0.000
GLU-1U0021_005 0.000 0.000 0.000 0.036 0.266 0.752 0.966 0.996 1.000 1.000 1.000 1.000 1.000 1.000 1.000
VAL01U0022_001 1.000 1.000 1.000 1.000 1.000 1.000 1.000 1.000 1.000 1.000 1.000 1.000 1.000 1.000 1.000
PHE01U0023_001 1.000 1.000 1.000 1.000 1.000 1.000 1.000 1.000 1.000 1.000 1.000 1.000 1.000 1.000 1.000
PRO01U0024_001 1.000 1.000 1.000 1.000 1.000 1.000 1.000 1.000 1.000 1.000 1.000 1.000 1.000 1.000 1.000
CTR01U0024_001 0.000 0.000 0.000 0.000 0.000 0.000 0.000 0.000 0.000 0.000 0.000 0.000 0.000 0.000 0.000
CTR01U0024_002 0.235 0.241 0.249 0.243 0.218 0.113 0.021 0.000 0.000 0.000 0.000 0.000 0.000 0.000 0.000
CTR02U0024_003 0.015 0.016 0.016 0.017 0.015 0.007 0.002 0.000 0.000 0.000 0.000 0.000 0.000 0.000 0.000
CTR02U0024_004 0.749 0.743 0.736 0.723 0.637 0.330 0.060 0.012 0.000 0.000 0.000 0.000 0.000 0.000 0.000
CTR-1U0024_005 0.000 0.000 0.000 0.017 0.130 0.550 0.917 0.988 1.000 1.000 1.000 1.000 1.000 1.000 1.000
NTR01U0029_001 0.000 0.000 0.000 0.000 0.000 0.001 0.015 0.148 0.628 0.944 0.995 1.000 1.000 1.000 1.000
NTR+1U0029_002 1.000 1.000 1.000 1.000 1.000 0.999 0.985 0.852 0.372 0.056 0.005 0.000 0.000 0.000 0.000
LYS01U0029_001 0.000 0.000 0.000 0.000 0.000 0.000 0.000 0.001 0.000 0.052 0.335 0.831 0.979 0.998 1.000
LYS+1U0029_002 1.000 1.000 1.000 1.000 1.000 1.000 1.000 0.999 1.000 0.948 0.665 0.169 0.021 0.002 0.000
LEU01U0030_001 1.000 1.000 1.000 1.000 1.000 1.000 1.000 1.000 1.000 1.000 1.000 1.000 1.000 1.000 1.000
ASP01U0031_001 0.000 0.000 0.000 0.000 0.000 0.000 0.000 0.000 0.000 0.000 0.000 0.000 0.000 0.000 0.000
ASP01U0031_002 0.127 0.121 0.117 0.092 0.025 0.000 0.000 0.000 0.000 0.000 0.000 0.000 0.000 0.000 0.000
ASP02U0031_003 0.038 0.041 0.039 0.030 0.008 0.000 0.000 0.000 0.000 0.000 0.000 0.000 0.000 0.000 0.000
ASP02U0031_004 0.834 0.834 0.812 0.606 0.161 0.043 0.000 0.000 0.000 0.000 0.000 0.000 0.000 0.000 0.000
ASP-1U0031_005 0.000 0.004 0.033 0.273 0.806 0.957 1.000 1.000 1.000 1.000 1.000 1.000 1.000 1.000 1.000
SER01U0032_001 0.060 0.056 0.056 0.067 0.067 0.070 0.071 0.073 0.072 0.074 0.072 0.087 0.083 0.083 0.083
SER01U0032_002 0.211 0.204 0.200 0.208 0.223 0.218 0.212 0.228 0.223 0.218 0.207 0.203 0.195 0.202 0.188
SER01U0032_003 0.729 0.740 0.744 0.725 0.709 0.711 0.716 0.698 0.706 0.708 0.721 0.710 0.722 0.714 0.729
SER01U0033_001 0.047 0.053 0.063 0.170 0.408 0.481 0.506 0.512 0.511 0.512 0.529 0.539 0.560 0.584 0.593
SER01U0033_002 0.000 0.000 0.000 0.000 0.000 0.000 0.000 0.000 0.000 0.000 0.000 0.000 0.000 0.000 0.000
SER01U0033_003 0.953 0.947 0.937 0.830 0.592 0.519 0.494 0.488 0.489 0.488 0.471 0.461 0.440 0.416 0.407
ILE01U0034_001 1.000 1.000 1.000 1.000 1.000 1.000 1.000 1.000 1.000 1.000 1.000 1.000 1.000 1.000 1.000
LYS01U0035_001 0.000 0.000 0.000 0.000 0.000 0.000 0.000 0.000 0.006 0.064 0.389 0.851 0.982 0.998 1.000
LYS+1U0035_002 1.000 1.000 1.000 1.000 1.000 1.000 1.000 1.000 0.994 0.936 0.611 0.149 0.018 0.002 0.000
ARG01U0036_001 0.000 0.000 0.000 0.000 0.000 0.000 0.000 0.000 0.000 0.000 0.000 0.000 0.000 0.000 0.000
ARG02U0036_002 0.000 0.000 0.000 0.000 0.000 0.000 0.000 0.000 0.000 0.000 0.000 0.000 0.000 0.000 0.000
ARG02U0036_003 0.000 0.000 0.000 0.000 0.000 0.000 0.000 0.000 0.000 0.000 0.000 0.000 0.000 0.000 0.000
ARG03U0036_004 0.000 0.000 0.000 0.000 0.000 0.000 0.000 0.000 0.000 0.076 0.383 0.808 0.967 0.994 1.000
ARG03U0036_005 0.000 0.000 0.000 0.000 0.000 0.000 0.000 0.000 0.000 0.000 0.000 0.000 0.000 0.000 0.000
ARG+1U0036_006 1.000 1.000 1.000 1.000 1.000 1.000 1.000 1.000 1.000 0.924 0.617 0.192 0.033 0.006 0.000
ASN01U0037_001 1.000 1.000 1.000 1.000 1.000 1.000 1.000 1.000 1.000 1.000 1.000 1.000 1.000 1.000 1.000
THR01U0038_001 0.382 0.400 0.406 0.413 0.415 0.432 0.436 0.430 0.429 0.436 0.447 0.466 0.514 0.566 0.586
THR01U0038_002 0.618 0.600 0.594 0.587 0.585 0.568 0.564 0.570 0.571 0.564 0.553 0.534 0.486 0.434 0.414
PHE01U0040_001 1.000 1.000 1.000 1.000 1.000 1.000 1.000 1.000 1.000 1.000 1.000 1.000 1.000 1.000 1.000
ILE01U0041_001 1.000 1.000 1.000 1.000 1.000 1.000 1.000 1.000 1.000 1.000 1.000 1.000 1.000 1.000 1.000
LYS01U0042_001 0.000 0.000 0.000 0.000 0.000 0.000 0.000 0.000 0.004 0.033 0.244 0.735 0.964 0.995 1.000
LYS+1U0042_002 1.000 1.000 1.000 1.000 1.000 1.000 1.000 1.000 0.996 0.967 0.756 0.265 0.036 0.005 0.000
LYS01U0043_001 0.000 0.000 0.000 0.000 0.000 0.000 0.000 0.000 0.000 0.000 0.006 0.018 0.090 0.449 0.880
LYS+1U0043_002 1.000 1.000 1.000 1.000 1.000 1.000 1.000 1.000 1.000 1.000 0.994 0.982 0.910 0.551 0.120
LEU01U0044_001 1.000 1.000 1.000 1.000 1.000 1.000 1.000 1.000 1.000 1.000 1.000 1.000 1.000 1.000 1.000
LYS01U0045_001 0.000 0.000 0.000 0.000 0.000 0.000 0.000 0.000 0.003 0.025 0.186 0.673 0.949 0.994 1.000
LYS+1U0045_002 1.000 1.000 1.000 1.000 1.000 1.000 1.000 1.000 0.997 0.975 0.814 0.327 0.051 0.006 0.000
LYS01U0046_001 0.000 0.000 0.000 0.000 0.000 0.000 0.000 0.000 0.007 0.056 0.367 0.845 0.982 0.998 1.000
LYS+1U0046_002 1.000 1.000 1.000 1.000 1.000 1.000 1.000 1.000 0.993 0.944 0.633 0.155 0.018 0.002 0.000
PHE01U0048_001 1.000 1.000 1.000 1.000 1.000 1.000 1.000 1.000 1.000 1.000 1.000 1.000 1.000 1.000 1.000
VAL01U0049_001 1.000 1.000 1.000 1.000 1.000 1.000 1.000 1.000 1.000 1.000 1.000 1.000 1.000 1.000 1.000
LYS01U0050_001 0.000 0.000 0.000 0.000 0.000 0.000 0.000 0.000 0.005 0.069 0.406 0.870 0.984 0.999 1.000
LYS+1U0050_002 1.000 1.000 1.000 1.000 1.000 1.000 1.000 1.000 0.995 0.931 0.594 0.130 0.016 0.001 0.000
SER01U0052_001 0.666 0.659 0.662 0.675 0.717 0.760 0.778 0.778 0.776 0.772 0.752 0.717 0.702 0.693 0.680
SER01U0052_002 0.334 0.341 0.338 0.325 0.283 0.240 0.222 0.222 0.224 0.228 0.248 0.283 0.298 0.307 0.320
GLU01U0053_001 0.002 0.002 0.002 0.002 0.000 0.000 0.000 0.000 0.000 0.000 0.000 0.000 0.000 0.000 0.000
GLU01U0053_002 0.454 0.445 0.436 0.379 0.232 0.062 0.008 0.001 0.000 0.000 0.000 0.000 0.000 0.000 0.000
GLU02U0053_003 0.000 0.000 0.000 0.001 0.000 0.000 0.000 0.000 0.000 0.000 0.000 0.000 0.000 0.000 0.000
GLU02U0053_004 0.543 0.550 0.535 0.476 0.308 0.081 0.013 0.001 0.000 0.000 0.000 0.000 0.000 0.000 0.000
GLU-1U0053_005 0.000 0.003 0.027 0.142 0.460 0.857 0.979 0.998 1.000 1.000 1.000 1.000 1.000 1.000 1.000
SER01U0054_001 0.559 0.561 0.554 0.521 0.484 0.450 0.437 0.441 0.435 0.440 0.437 0.439 0.439 0.434 0.429
SER01U0054_002 0.441 0.439 0.446 0.479 0.516 0.550 0.563 0.559 0.565 0.560 0.563 0.561 0.561 0.566 0.571
SER01U0055_001 0.002 0.004 0.005 0.006 0.006 0.006 0.006 0.005 0.006 0.006 0.008 0.012 0.031 0.126 0.248
SER01U0055_002 0.180 0.209 0.225 0.224 0.227 0.233 0.244 0.235 0.242 0.254 0.318 0.376 0.376 0.294 0.211
SER01U0055_003 0.817 0.787 0.770 0.770 0.767 0.761 0.750 0.760 0.753 0.740 0.674 0.613 0.592 0.580 0.541
LEU01U0056_001 1.000 1.000 1.000 1.000 1.000 1.000 1.000 1.000 1.000 1.000 1.000 1.000 1.000 1.000 1.000
LEU01U0057_001 1.000 1.000 1.000 1.000 1.000 1.000 1.000 1.000 1.000 1.000 1.000 1.000 1.000 1.000 1.000
LYS01U0058_001 0.000 0.000 0.000 0.000 0.000 0.000 0.000 0.002 0.012 0.114 0.514 0.882 0.981 0.997 1.000
LYS+1U0058_002 1.000 1.000 1.000 1.000 1.000 1.000 1.000 0.998 0.988 0.886 0.486 0.118 0.019 0.003 0.000
ASP01U0059_001 0.000 0.000 0.000 0.000 0.000 0.000 0.000 0.000 0.000 0.000 0.000 0.000 0.000 0.000 0.000
ASP01U0059_002 0.693 0.208 0.029 0.004 0.000 0.000 0.000 0.000 0.000 0.000 0.000 0.000 0.000 0.000 0.000
ASP02U0059_003 0.000 0.000 0.000 0.000 0.000 0.000 0.000 0.000 0.000 0.000 0.000 0.000 0.000 0.000 0.000
ASP02U0059_004 0.000 0.000 0.000 0.000 0.000 0.000 0.000 0.000 0.000 0.000 0.000 0.000 0.000 0.000 0.000
ASP-1U0059_005 0.307 0.792 0.971 0.996 1.000 1.000 1.000 1.000 1.000 1.000 1.000 1.000 1.000 1.000 1.000
LEU01U0060_001 1.000 1.000 1.000 1.000 1.000 1.000 1.000 1.000 1.000 1.000 1.000 1.000 1.000 1.000 1.000
SER01U0061_001 1.000 1.000 1.000 1.000 1.000 1.000 1.000 1.000 1.000 1.000 1.000 1.000 1.000 1.000 1.000
GLU01U0062_001 0.000 0.000 0.000 0.000 0.000 0.000 0.000 0.000 0.000 0.000 0.000 0.000 0.000 0.000 0.000
GLU01U0062_002 0.000 0.000 0.000 0.000 0.000 0.000 0.000 0.000 0.000 0.000 0.000 0.000 0.000 0.000 0.000
GLU02U0062_003 0.119 0.112 0.121 0.111 0.093 0.038 0.005 0.000 0.000 0.000 0.000 0.000 0.000 0.000 0.000
GLU02U0062_004 0.881 0.888 0.876 0.861 0.716 0.293 0.048 0.000 0.000 0.000 0.000 0.000 0.000 0.000 0.000
GLU-1U0062_005 0.000 0.000 0.003 0.028 0.191 0.669 0.947 1.000 1.000 1.000 1.000 1.000 1.000 1.000 1.000
ALA01U0063_001 1.000 1.000 1.000 1.000 1.000 1.000 1.000 1.000 1.000 1.000 1.000 1.000 1.000 1.000 1.000
SER01U0064_001 0.183 0.209 0.211 0.216 0.213 0.222 0.212 0.221 0.216 0.211 0.223 0.228 0.240 0.235 0.243
SER01U0064_002 0.817 0.791 0.789 0.784 0.787 0.778 0.788 0.779 0.784 0.789 0.777 0.772 0.760 0.765 0.757
LEU01U0065_001 1.000 1.000 1.000 1.000 1.000 1.000 1.000 1.000 1.000 1.000 1.000 1.000 1.000 1.000 1.000
GLU01U0066_001 0.275 0.147 0.033 0.003 0.000 0.000 0.000 0.000 0.000 0.000 0.000 0.000 0.000 0.000 0.000
GLU01U0066_002 0.026 0.016 0.003 0.000 0.000 0.000 0.000 0.000 0.000 0.000 0.000 0.000 0.000 0.000 0.000
GLU02U0066_003 0.209 0.119 0.023 0.002 0.000 0.000 0.000 0.000 0.000 0.000 0.000 0.000 0.000 0.000 0.000
GLU02U0066_004 0.352 0.201 0.043 0.004 0.000 0.000 0.000 0.000 0.000 0.000 0.000 0.000 0.000 0.000 0.000
GLU-1U0066_005 0.138 0.516 0.898 0.990 1.000 1.000 1.000 1.000 1.000 1.000 1.000 1.000 1.000 1.000 1.000
LYS01U0067_001 0.834 0.968 0.996 1.000 1.000 1.000 1.000 1.000 1.000 1.000 1.000 1.000 1.000 1.000 1.000
LYS+1U0067_002 0.166 0.032 0.004 0.000 0.000 0.000 0.000 0.000 0.000 0.000 0.000 0.000 0.000 0.000 0.000
TYR01U0068_001 1.000 1.000 1.000 1.000 1.000 1.000 1.000 1.000 1.000 0.998 0.989 0.908 0.537 0.113 0.014
TYR-1U0068_002 0.000 0.000 0.000 0.000 0.000 0.000 0.000 0.000 0.000 0.002 0.011 0.092 0.463 0.887 0.986
LEU01U0069_001 1.000 1.000 1.000 1.000 1.000 1.000 1.000 1.000 1.000 1.000 1.000 1.000 1.000 1.000 1.000
SER01U0070_001 1.000 1.000 1.000 1.000 1.000 1.000 1.000 1.000 1.000 1.000 1.000 1.000 1.000 1.000 1.000
GLU01U0071_001 0.007 0.007 0.006 0.007 0.005 0.001 0.000 0.000 0.000 0.000 0.000 0.000 0.000 0.000 0.000
GLU01U0071_002 0.275 0.294 0.281 0.269 0.203 0.054 0.008 0.000 0.000 0.000 0.000 0.000 0.000 0.000 0.000
GLU02U0071_003 0.014 0.016 0.015 0.014 0.012 0.003 0.000 0.000 0.000 0.000 0.000 0.000 0.000 0.000 0.000
GLU02U0071_004 0.704 0.684 0.694 0.667 0.488 0.130 0.019 0.000 0.000 0.000 0.000 0.000 0.000 0.000 0.000
GLU-1U0071_005 0.000 0.000 0.005 0.044 0.291 0.812 0.974 1.000 1.000 1.000 1.000 1.000 1.000 1.000 1.000
ILE01U0072_001 1.000 1.000 1.000 1.000 1.000 1.000 1.000 1.000 1.000 1.000 1.000 1.000 1.000 1.000 1.000
ILE01U0073_001 1.000 1.000 1.000 1.000 1.000 1.000 1.000 1.000 1.000 1.000 1.000 1.000 1.000 1.000 1.000
VAL01U0074_001 1.000 1.000 1.000 1.000 1.000 1.000 1.000 1.000 1.000 1.000 1.000 1.000 1.000 1.000 1.000
THR01U0075_001 0.065 0.063 0.061 0.059 0.060 0.052 0.051 0.048 0.052 0.055 0.052 0.057 0.064 0.055 0.056
THR01U0075_002 0.888 0.888 0.890 0.889 0.882 0.889 0.882 0.888 0.882 0.879 0.884 0.861 0.838 0.844 0.828
THR01U0075_003 0.046 0.049 0.050 0.052 0.059 0.060 0.067 0.064 0.066 0.066 0.064 0.082 0.098 0.101 0.116
VAL01U0076_001 1.000 1.000 1.000 1.000 1.000 1.000 1.000 1.000 1.000 1.000 1.000 1.000 1.000 1.000 1.000
THR01U0077_001 0.009 0.011 0.010 0.009 0.011 0.010 0.010 0.011 0.012 0.010 0.010 0.012 0.009 0.011 0.009
THR01U0077_002 0.991 0.989 0.990 0.991 0.989 0.990 0.990 0.989 0.988 0.990 0.990 0.988 0.991 0.989 0.991
GLU01U0078_001 0.042 0.042 0.042 0.041 0.026 0.006 0.000 0.000 0.000 0.000 0.000 0.000 0.000 0.000 0.000
GLU01U0078_002 0.584 0.593 0.577 0.546 0.353 0.089 0.011 0.001 0.000 0.000 0.000 0.000 0.000 0.000 0.000
GLU02U0078_003 0.015 0.013 0.016 0.013 0.010 0.002 0.000 0.000 0.000 0.000 0.000 0.000 0.000 0.000 0.000
GLU02U0078_004 0.360 0.352 0.358 0.329 0.211 0.057 0.007 0.001 0.000 0.000 0.000 0.000 0.000 0.000 0.000
GLU-1U0078_005 0.000 0.000 0.007 0.072 0.401 0.846 0.982 0.998 1.000 1.000 1.000 1.000 1.000 1.000 1.000
CYS01U0079_001 0.294 0.276 0.274 0.270 0.261 0.255 0.252 0.251 0.252 0.248 0.243 0.234 0.229 0.210 0.179
CYS01U0079_002 0.348 0.344 0.341 0.342 0.346 0.350 0.348 0.349 0.346 0.347 0.344 0.334 0.334 0.318 0.266
CYS01U0079_003 0.358 0.380 0.385 0.388 0.393 0.395 0.400 0.401 0.402 0.405 0.413 0.432 0.433 0.445 0.379
CYS-1U0079_004 0.000 0.000 0.000 0.000 0.000 0.000 0.000 0.000 0.000 0.000 0.000 0.000 0.003 0.026 0.176
LEU01U0080_001 1.000 1.000 1.000 1.000 1.000 1.000 1.000 1.000 1.000 1.000 1.000 1.000 1.000 1.000 1.000
LEU01U0081_001 1.000 1.000 1.000 1.000 1.000 1.000 1.000 1.000 1.000 1.000 1.000 1.000 1.000 1.000 1.000
ASN01U0082_001 1.000 1.000 1.000 1.000 1.000 1.000 1.000 1.000 1.000 1.000 1.000 1.000 1.000 1.000 1.000
VAL01U0083_001 1.000 1.000 1.000 1.000 1.000 1.000 1.000 1.000 1.000 1.000 1.000 1.000 1.000 1.000 1.000
LEU01U0084_001 1.000 1.000 1.000 1.000 1.000 1.000 1.000 1.000 1.000 1.000 1.000 1.000 1.000 1.000 1.000
ASN01U0085_001 0.978 0.978 0.974 0.974 0.974 0.971 0.972 0.969 0.971 0.968 0.962 0.959 0.954 0.954 0.953
ASN01U0085_002 0.022 0.022 0.026 0.026 0.026 0.029 0.028 0.031 0.029 0.032 0.038 0.041 0.046 0.046 0.047
LYS01U0086_001 0.000 0.000 0.000 0.000 0.000 0.000 0.000 0.000 0.003 0.019 0.158 0.639 0.944 0.994 1.000
LYS+1U0086_002 1.000 1.000 1.000 1.000 1.000 1.000 1.000 1.000 0.997 0.981 0.842 0.361 0.056 0.006 0.000
ASN01U0087_001 1.000 1.000 1.000 1.000 1.000 1.000 1.000 1.000 1.000 1.000 1.000 1.000 1.000 1.000 1.000
ASP01U0088_001 0.027 0.027 0.025 0.016 0.004 0.000 0.000 0.000 0.000 0.000 0.000 0.000 0.000 0.000 0.000
ASP01U0088_002 0.786 0.783 0.716 0.444 0.113 0.019 0.000 0.000 0.000 0.000 0.000 0.000 0.000 0.000 0.000
ASP02U0088_003 0.001 0.000 0.001 0.001 0.000 0.000 0.000 0.000 0.000 0.000 0.000 0.000 0.000 0.000 0.000
ASP02U0088_004 0.186 0.182 0.179 0.111 0.026 0.007 0.001 0.000 0.000 0.000 0.000 0.000 0.000 0.000 0.000
ASP-1U0088_005 0.000 0.009 0.079 0.429 0.856 0.975 0.999 1.000 1.000 1.000 1.000 1.000 1.000 1.000 1.000
ASP01U0089_001 0.000 0.000 0.000 0.000 0.000 0.000 0.000 0.000 0.000 0.000 0.000 0.000 0.000 0.000 0.000
ASP01U0089_002 0.391 0.392 0.400 0.382 0.317 0.117 0.017 0.000 0.000 0.000 0.000 0.000 0.000 0.000 0.000
ASP02U0089_003 0.004 0.005 0.004 0.004 0.003 0.001 0.000 0.000 0.000 0.000 0.000 0.000 0.000 0.000 0.000
ASP02U0089_004 0.605 0.604 0.596 0.573 0.440 0.155 0.023 0.000 0.000 0.000 0.000 0.000 0.000 0.000 0.000
ASP-1U0089_005 0.000 0.000 0.000 0.042 0.240 0.727 0.960 1.000 1.000 1.000 1.000 1.000 1.000 1.000 1.000
VAL01U0090_001 1.000 1.000 1.000 1.000 1.000 1.000 1.000 1.000 1.000 1.000 1.000 1.000 1.000 1.000 1.000
ILE01U0091_001 1.000 1.000 1.000 1.000 1.000 1.000 1.000 1.000 1.000 1.000 1.000 1.000 1.000 1.000 1.000
ALA01U0092_001 1.000 1.000 1.000 1.000 1.000 1.000 1.000 1.000 1.000 1.000 1.000 1.000 1.000 1.000 1.000
ALA01U0093_001 1.000 1.000 1.000 1.000 1.000 1.000 1.000 1.000 1.000 1.000 1.000 1.000 1.000 1.000 1.000
VAL01U0094_001 1.000 1.000 1.000 1.000 1.000 1.000 1.000 1.000 1.000 1.000 1.000 1.000 1.000 1.000 1.000
GLU01U0095_001 0.008 0.007 0.007 0.003 0.001 0.000 0.000 0.000 0.000 0.000 0.000 0.000 0.000 0.000 0.000
GLU01U0095_002 0.275 0.268 0.230 0.113 0.035 0.008 0.003 0.000 0.000 0.000 0.000 0.000 0.000 0.000 0.000
GLU02U0095_003 0.122 0.119 0.105 0.055 0.016 0.005 0.000 0.000 0.000 0.000 0.000 0.000 0.000 0.000 0.000
GLU02U0095_004 0.595 0.582 0.496 0.260 0.082 0.020 0.000 0.000 0.000 0.000 0.000 0.000 0.000 0.000 0.000
GLU-1U0095_005 0.000 0.024 0.161 0.568 0.865 0.967 0.997 1.000 1.000 1.000 1.000 1.000 1.000 1.000 1.000
ILE01U0096_001 1.000 1.000 1.000 1.000 1.000 1.000 1.000 1.000 1.000 1.000 1.000 1.000 1.000 1.000 1.000
ILE01U0097_001 1.000 1.000 1.000 1.000 1.000 1.000 1.000 1.000 1.000 1.000 1.000 1.000 1.000 1.000 1.000
SER01U0098_001 0.011 0.012 0.013 0.011 0.011 0.008 0.009 0.011 0.010 0.012 0.011 0.010 0.011 0.012 0.011
SER01U0098_002 0.989 0.988 0.987 0.989 0.989 0.992 0.991 0.989 0.990 0.988 0.989 0.990 0.989 0.988 0.989
LEU01U0100_001 1.000 1.000 1.000 1.000 1.000 1.000 1.000 1.000 1.000 1.000 1.000 1.000 1.000 1.000 1.000
HIS01U0101_001 0.545 0.813 0.926 0.981 0.990 0.991 0.994 0.992 0.992 0.994 0.993 0.994 0.993 1.000 0.994
HIS02U0101_002 0.004 0.005 0.008 0.008 0.007 0.008 0.006 0.008 0.008 0.006 0.007 0.006 0.007 0.000 0.006
HIS+1U0101_003 0.451 0.182 0.066 0.011 0.003 0.001 0.000 0.000 0.000 0.000 0.000 0.000 0.000 0.000 0.000
GLN01U0102_001 0.971 0.983 0.992 0.995 0.996 1.000 0.997 1.000 0.998 0.998 0.998 0.999 0.998 1.000 0.999
GLN01U0102_002 0.029 0.017 0.008 0.005 0.004 0.000 0.003 0.000 0.002 0.002 0.002 0.001 0.002 0.000 0.001
ARG01U0103_001 0.000 0.000 0.000 0.000 0.000 0.000 0.000 0.000 0.000 0.000 0.000 0.004 0.022 0.053 0.065
ARG02U0103_002 0.000 0.000 0.000 0.000 0.000 0.000 0.000 0.000 0.000 0.000 0.000 0.000 0.000 0.000 0.000
ARG02U0103_003 0.000 0.000 0.000 0.000 0.000 0.000 0.000 0.000 0.000 0.000 0.011 0.064 0.350 0.761 0.891
ARG03U0103_004 0.000 0.000 0.000 0.000 0.000 0.000 0.000 0.000 0.000 0.000 0.000 0.001 0.005 0.012 0.016
ARG+1U0103_005 1.000 1.000 1.000 1.000 1.000 1.000 1.000 1.000 1.000 1.000 0.989 0.932 0.624 0.173 0.028
PHE01U0104_001 1.000 1.000 1.000 1.000 1.000 1.000 1.000 1.000 1.000 1.000 1.000 1.000 1.000 1.000 1.000
ASN01U0105_001 1.000 1.000 1.000 1.000 1.000 1.000 1.000 1.000 1.000 1.000 1.000 1.000 1.000 1.000 1.000
ARG01U0107_001 0.000 0.000 0.000 0.000 0.000 0.000 0.000 0.000 0.000 0.000 0.000 0.000 0.000 0.000 0.006
ARG02U0107_002 0.000 0.000 0.000 0.000 0.000 0.000 0.000 0.000 0.000 0.000 0.000 0.000 0.000 0.000 0.024
ARG03U0107_003 0.000 0.000 0.000 0.000 0.000 0.000 0.000 0.000 0.000 0.000 0.000 0.000 0.000 0.016 0.052
ARG03U0107_004 0.000 0.000 0.000 0.000 0.000 0.000 0.000 0.000 0.000 0.000 0.000 0.000 0.000 0.000 0.002
ARG+1U0107_005 1.000 1.000 1.000 1.000 1.000 1.000 1.000 1.000 1.000 1.000 1.000 1.000 1.000 0.984 0.916
PHE01U0108_001 1.000 1.000 1.000 1.000 1.000 1.000 1.000 1.000 1.000 1.000 1.000 1.000 1.000 1.000 1.000
THR01U0109_001 0.402 0.173 0.075 0.026 0.021 0.020 0.015 0.018 0.016 0.015 0.018 0.018 0.019 0.017 0.017
THR01U0109_002 0.598 0.827 0.925 0.974 0.979 0.980 0.985 0.982 0.984 0.985 0.982 0.982 0.981 0.983 0.983
SER01U0110_001 0.419 0.410 0.380 0.379 0.438 0.612 0.716 0.742 0.756 0.754 0.747 0.755 0.748 0.755 0.758
SER01U0110_002 0.266 0.299 0.354 0.369 0.301 0.130 0.041 0.024 0.019 0.022 0.020 0.022 0.023 0.020 0.021
SER01U0110_003 0.315 0.291 0.267 0.252 0.261 0.258 0.243 0.233 0.225 0.224 0.232 0.223 0.229 0.225 0.220
PRO01U0111_001 1.000 1.000 1.000 1.000 1.000 1.000 1.000 1.000 1.000 1.000 1.000 1.000 1.000 1.000 1.000
LEU01U0112_001 1.000 1.000 1.000 1.000 1.000 1.000 1.000 1.000 1.000 1.000 1.000 1.000 1.000 1.000 1.000
LEU01U0113_001 1.000 1.000 1.000 1.000 1.000 1.000 1.000 1.000 1.000 1.000 1.000 1.000 1.000 1.000 1.000
ALA01U0115_001 1.000 1.000 1.000 1.000 1.000 1.000 1.000 1.000 1.000 1.000 1.000 1.000 1.000 1.000 1.000
PHE01U0116_001 1.000 1.000 1.000 1.000 1.000 1.000 1.000 1.000 1.000 1.000 1.000 1.000 1.000 1.000 1.000
LEU01U0117_001 1.000 1.000 1.000 1.000 1.000 1.000 1.000 1.000 1.000 1.000 1.000 1.000 1.000 1.000 1.000
GLN01U0118_001 0.742 0.750 0.750 0.741 0.745 0.735 0.731 0.725 0.722 0.717 0.716 0.715 0.720 0.715 0.713
GLN01U0118_002 0.258 0.250 0.250 0.259 0.255 0.265 0.269 0.275 0.278 0.283 0.284 0.285 0.280 0.285 0.287
ALA01U0119_001 1.000 1.000 1.000 1.000 1.000 1.000 1.000 1.000 1.000 1.000 1.000 1.000 1.000 1.000 1.000
PHE01U0120_001 1.000 1.000 1.000 1.000 1.000 1.000 1.000 1.000 1.000 1.000 1.000 1.000 1.000 1.000 1.000
GLU01U0121_001 0.000 0.000 0.000 0.000 0.000 0.000 0.000 0.000 0.000 0.000 0.000 0.000 0.000 0.000 0.000
GLU01U0121_002 0.000 0.000 0.000 0.000 0.000 0.000 0.000 0.000 0.000 0.000 0.000 0.000 0.000 0.000 0.000
GLU02U0121_003 0.203 0.209 0.205 0.204 0.181 0.105 0.043 0.011 0.002 0.000 0.000 0.000 0.000 0.000 0.000
GLU02U0121_004 0.797 0.791 0.795 0.783 0.713 0.432 0.199 0.049 0.007 0.000 0.000 0.000 0.000 0.000 0.000
GLU-1U0121_005 0.000 0.000 0.000 0.013 0.106 0.463 0.757 0.940 0.991 1.000 1.000 1.000 1.000 1.000 1.000
ASN01U0122_001 0.993 0.991 0.991 0.990 0.991 0.991 0.989 0.992 0.990 0.990 0.991 0.991 0.990 0.989 0.990
ASN01U0122_002 0.007 0.009 0.009 0.010 0.009 0.009 0.011 0.008 0.010 0.010 0.009 0.009 0.010 0.011 0.010
PRO01U0123_001 1.000 1.000 1.000 1.000 1.000 1.000 1.000 1.000 1.000 1.000 1.000 1.000 1.000 1.000 1.000
SER01U0124_001 1.000 1.000 1.000 1.000 1.000 1.000 1.000 1.000 1.000 1.000 1.000 1.000 1.000 1.000 1.000
VAL01U0125_001 1.000 1.000 1.000 1.000 1.000 1.000 1.000 1.000 1.000 1.000 1.000 1.000 1.000 1.000 1.000
ASP01U0126_001 0.000 0.000 0.000 0.000 0.000 0.000 0.000 0.000 0.000 0.000 0.000 0.000 0.000 0.000 0.000
ASP01U0126_002 0.002 0.002 0.002 0.000 0.000 0.000 0.000 0.000 0.000 0.000 0.000 0.000 0.000 0.000 0.000
ASP02U0126_003 0.303 0.297 0.241 0.089 0.012 0.000 0.000 0.000 0.000 0.000 0.000 0.000 0.000 0.000 0.000
ASP02U0126_004 0.695 0.678 0.558 0.203 0.029 0.007 0.001 0.000 0.000 0.000 0.000 0.000 0.000 0.000 0.000
ASP-1U0126_005 0.000 0.023 0.199 0.709 0.959 0.993 0.999 1.000 1.000 1.000 1.000 1.000 1.000 1.000 1.000
ILE01U0127_001 1.000 1.000 1.000 1.000 1.000 1.000 1.000 1.000 1.000 1.000 1.000 1.000 1.000 1.000 1.000
GLU01U0128_001 0.028 0.027 0.026 0.026 0.017 0.004 0.000 0.000 0.000 0.000 0.000 0.000 0.000 0.000 0.000
GLU01U0128_002 0.387 0.394 0.381 0.347 0.247 0.062 0.008 0.001 0.000 0.000 0.000 0.000 0.000 0.000 0.000
GLU02U0128_003 0.024 0.023 0.026 0.031 0.019 0.004 0.001 0.000 0.000 0.000 0.000 0.000 0.000 0.000 0.000
GLU02U0128_004 0.561 0.556 0.562 0.540 0.369 0.097 0.012 0.001 0.000 0.000 0.000 0.000 0.000 0.000 0.000
GLU-1U0128_005 0.000 0.000 0.005 0.056 0.348 0.833 0.980 0.998 1.000 1.000 1.000 1.000 1.000 1.000 1.000
SER01U0129_001 0.000 0.000 0.000 0.000 0.000 0.000 0.000 0.000 0.000 0.000 0.000 0.000 0.000 0.000 0.000
SER01U0129_002 0.402 0.405 0.404 0.374 0.252 0.160 0.141 0.142 0.138 0.142 0.138 0.141 0.138 0.138 0.139
SER01U0129_003 0.598 0.595 0.596 0.626 0.748 0.840 0.859 0.858 0.862 0.858 0.862 0.859 0.862 0.862 0.861
GLU01U0130_001 0.005 0.005 0.005 0.005 0.005 0.002 0.000 0.000 0.000 0.000 0.000 0.000 0.000 0.000 0.000
GLU01U0130_002 0.100 0.092 0.101 0.087 0.081 0.042 0.008 0.000 0.000 0.000 0.000 0.000 0.000 0.000 0.000
GLU02U0130_003 0.027 0.024 0.025 0.025 0.025 0.013 0.000 0.000 0.000 0.000 0.000 0.000 0.000 0.000 0.000
GLU02U0130_004 0.868 0.879 0.869 0.871 0.776 0.402 0.087 0.013 0.001 0.000 0.000 0.000 0.000 0.000 0.000
GLU-1U0130_005 0.000 0.000 0.000 0.012 0.114 0.541 0.905 0.987 0.999 1.000 1.000 1.000 1.000 1.000 1.000
ARG01U0131_001 0.000 0.000 0.000 0.000 0.000 0.000 0.000 0.000 0.000 0.000 0.003 0.018 0.136 0.512 0.683
ARG02U0131_002 0.000 0.000 0.000 0.000 0.000 0.000 0.000 0.000 0.000 0.000 0.000 0.003 0.026 0.102 0.135
ARG03U0131_003 0.000 0.000 0.000 0.000 0.000 0.000 0.000 0.000 0.000 0.000 0.000 0.004 0.027 0.099 0.138
ARG+1U0131_004 1.000 1.000 1.000 1.000 1.000 1.000 1.000 1.000 1.000 1.000 0.997 0.975 0.811 0.287 0.043
ASP01U0132_001 0.000 0.000 0.001 0.000 0.001 0.000 0.000 0.000 0.000 0.000 0.000 0.000 0.000 0.000 0.000
ASP01U0132_002 0.391 0.386 0.390 0.334 0.167 0.031 0.003 0.000 0.000 0.000 0.000 0.000 0.000 0.000 0.000
ASP02U0132_003 0.026 0.028 0.029 0.024 0.012 0.000 0.000 0.000 0.000 0.000 0.000 0.000 0.000 0.000 0.000
ASP02U0132_004 0.582 0.586 0.564 0.515 0.246 0.047 0.005 0.001 0.000 0.000 0.000 0.000 0.000 0.000 0.000
ASP-1U0132_005 0.000 0.000 0.015 0.127 0.574 0.922 0.992 0.999 1.000 1.000 1.000 1.000 1.000 1.000 1.000
GLU01U0133_001 0.117 0.021 0.000 0.000 0.000 0.000 0.000 0.000 0.000 0.000 0.000 0.000 0.000 0.000 0.000
GLU01U0133_002 0.096 0.016 0.000 0.000 0.000 0.000 0.000 0.000 0.000 0.000 0.000 0.000 0.000 0.000 0.000
GLU02U0133_003 0.077 0.014 0.004 0.000 0.000 0.000 0.000 0.000 0.000 0.000 0.000 0.000 0.000 0.000 0.000
GLU02U0133_004 0.059 0.010 0.000 0.000 0.000 0.000 0.000 0.000 0.000 0.000 0.000 0.000 0.000 0.000 0.000
GLU-1U0133_005 0.651 0.939 0.996 1.000 1.000 1.000 1.000 1.000 1.000 1.000 1.000 1.000 1.000 1.000 1.000
LEU01U0134_001 1.000 1.000 1.000 1.000 1.000 1.000 1.000 1.000 1.000 1.000 1.000 1.000 1.000 1.000 1.000
GLN01U0135_001 0.646 0.650 0.651 0.655 0.659 0.660 0.661 0.662 0.658 0.659 0.652 0.643 0.629 0.572 0.541
GLN01U0135_002 0.354 0.350 0.349 0.345 0.341 0.340 0.339 0.338 0.342 0.341 0.348 0.357 0.371 0.428 0.459
ARG01U0136_001 0.000 0.000 0.000 0.000 0.000 0.000 0.000 0.000 0.000 0.000 0.000 0.000 0.000 0.000 0.000
ARG02U0136_002 0.000 0.000 0.000 0.000 0.000 0.000 0.000 0.000 0.000 0.000 0.000 0.000 0.000 0.000 0.000
ARG03U0136_003 0.000 0.000 0.000 0.000 0.000 0.000 0.000 0.000 0.000 0.000 0.000 0.000 0.000 0.000 0.000
ARG03U0136_004 0.000 0.000 0.000 0.000 0.000 0.000 0.000 0.000 0.000 0.000 0.000 0.000 0.000 0.000 0.000
ARG+1U0136_005 1.000 1.000 1.000 1.000 1.000 1.000 1.000 1.000 1.000 1.000 1.000 1.000 1.000 1.000 1.000
ILE01U0137_001 1.000 1.000 1.000 1.000 1.000 1.000 1.000 1.000 1.000 1.000 1.000 1.000 1.000 1.000 1.000
THR01U0138_001 0.120 0.119 0.116 0.120 0.120 0.118 0.118 0.117 0.123 0.140 0.165 0.177 0.179 0.174 0.178
THR01U0138_002 0.178 0.184 0.184 0.183 0.182 0.187 0.188 0.185 0.186 0.201 0.229 0.236 0.240 0.241 0.247
THR01U0138_003 0.702 0.697 0.700 0.697 0.698 0.695 0.694 0.698 0.691 0.659 0.606 0.587 0.581 0.585 0.576
ARG01U0139_001 0.000 0.000 0.000 0.000 0.000 0.000 0.000 0.000 0.000 0.000 0.000 0.000 0.000 0.000 0.000
ARG02U0139_002 0.000 0.000 0.000 0.000 0.000 0.000 0.000 0.000 0.000 0.000 0.000 0.000 0.000 0.000 0.000
ARG03U0139_003 0.086 0.478 0.900 0.988 0.999 1.000 1.000 1.000 1.000 1.000 1.000 1.000 1.000 1.000 1.000
ARG03U0139_004 0.000 0.000 0.000 0.000 0.000 0.000 0.000 0.000 0.000 0.000 0.000 0.000 0.000 0.000 0.000
ARG+1U0139_005 0.914 0.522 0.100 0.012 0.001 0.000 0.000 0.000 0.000 0.000 0.000 0.000 0.000 0.000 0.000
VAL01U0140_001 1.000 1.000 1.000 1.000 1.000 1.000 1.000 1.000 1.000 1.000 1.000 1.000 1.000 1.000 1.000
LYS01U0141_001 0.000 0.000 0.000 0.000 0.000 0.000 0.001 0.006 0.064 0.395 0.845 0.979 0.997 1.000 1.000
LYS+1U0141_002 1.000 1.000 1.000 1.000 1.000 1.000 0.999 0.994 0.936 0.605 0.155 0.021 0.003 0.000 0.000
ASN01U0143_001 0.205 0.244 0.297 0.302 0.299 0.286 0.283 0.290 0.286 0.273 0.259 0.249 0.241 0.234 0.234
ASN01U0143_002 0.795 0.756 0.703 0.698 0.701 0.714 0.717 0.710 0.714 0.727 0.741 0.751 0.759 0.766 0.766
LEU01U0144_001 1.000 1.000 1.000 1.000 1.000 1.000 1.000 1.000 1.000 1.000 1.000 1.000 1.000 1.000 1.000
ARG01U0145_001 0.000 0.000 0.000 0.000 0.000 0.000 0.000 0.000 0.000 0.000 0.000 0.000 0.000 0.000 0.000
ARG02U0145_002 0.000 0.000 0.000 0.000 0.000 0.000 0.000 0.000 0.000 0.000 0.000 0.000 0.000 0.000 0.001
ARG02U0145_003 0.000 0.000 0.000 0.000 0.000 0.000 0.000 0.000 0.000 0.000 0.000 0.000 0.000 0.000 0.001
ARG03U0145_004 0.000 0.000 0.000 0.000 0.000 0.000 0.000 0.000 0.000 0.000 0.000 0.000 0.000 0.000 0.007
ARG03U0145_005 0.000 0.000 0.000 0.000 0.000 0.000 0.000 0.000 0.000 0.000 0.000 0.000 0.000 0.000 0.001
ARG+1U0145_006 1.000 1.000 1.000 1.000 1.000 1.000 1.000 1.000 1.000 1.000 1.000 1.000 1.000 1.000 0.991
VAL01U0146_001 1.000 1.000 1.000 1.000 1.000 1.000 1.000 1.000 1.000 1.000 1.000 1.000 1.000 1.000 1.000
PHE01U0147_001 1.000 1.000 1.000 1.000 1.000 1.000 1.000 1.000 1.000 1.000 1.000 1.000 1.000 1.000 1.000
THR01U0148_001 0.026 0.026 0.025 0.027 0.031 0.030 0.029 0.032 0.033 0.031 0.028 0.032 0.035 0.038 0.058
THR01U0148_002 0.775 0.793 0.802 0.804 0.798 0.801 0.800 0.803 0.805 0.804 0.796 0.798 0.782 0.780 0.759
THR01U0148_003 0.199 0.180 0.172 0.170 0.172 0.169 0.170 0.165 0.162 0.164 0.176 0.171 0.183 0.182 0.183
GLU01U0149_001 0.001 0.000 0.000 0.000 0.000 0.000 0.000 0.000 0.000 0.000 0.000 0.000 0.000 0.000 0.000
GLU01U0149_002 0.293 0.082 0.011 0.000 0.000 0.000 0.000 0.000 0.000 0.000 0.000 0.000 0.000 0.000 0.000
GLU02U0149_003 0.000 0.000 0.000 0.000 0.000 0.000 0.000 0.000 0.000 0.000 0.000 0.000 0.000 0.000 0.000
GLU02U0149_004 0.291 0.079 0.009 0.003 0.000 0.000 0.000 0.000 0.000 0.000 0.000 0.000 0.000 0.000 0.000
GLU-1U0149_005 0.415 0.838 0.979 0.997 1.000 1.000 1.000 1.000 1.000 1.000 1.000 1.000 1.000 1.000 1.000
LEU01U0150_001 1.000 1.000 1.000 1.000 1.000 1.000 1.000 1.000 1.000 1.000 1.000 1.000 1.000 1.000 1.000
TYR01U0151_001 0.275 0.276 0.286 0.311 0.318 0.307 0.302 0.299 0.295 0.298 0.316 0.302 0.288 0.241 0.130
TYR01U0151_002 0.725 0.724 0.714 0.689 0.682 0.693 0.698 0.701 0.705 0.702 0.684 0.692 0.689 0.646 0.365
TYR-1U0151_003 0.000 0.000 0.000 0.000 0.000 0.000 0.000 0.000 0.000 0.000 0.000 0.006 0.023 0.113 0.505
LEU01U0152_001 1.000 1.000 1.000 1.000 1.000 1.000 1.000 1.000 1.000 1.000 1.000 1.000 1.000 1.000 1.000
VAL01U0153_001 1.000 1.000 1.000 1.000 1.000 1.000 1.000 1.000 1.000 1.000 1.000 1.000 1.000 1.000 1.000
VAL01U0155_001 1.000 1.000 1.000 1.000 1.000 1.000 1.000 1.000 1.000 1.000 1.000 1.000 1.000 1.000 1.000
PHE01U0156_001 1.000 1.000 1.000 1.000 1.000 1.000 1.000 1.000 1.000 1.000 1.000 1.000 1.000 1.000 1.000
ARG01U0157_001 0.000 0.000 0.000 0.000 0.000 0.000 0.000 0.000 0.000 0.000 0.000 0.000 0.000 0.000 0.000
ARG02U0157_002 0.000 0.000 0.000 0.000 0.000 0.000 0.000 0.000 0.000 0.000 0.000 0.000 0.000 0.000 0.000
ARG03U0157_003 0.000 0.000 0.000 0.000 0.000 0.000 0.000 0.000 0.000 0.000 0.000 0.000 0.000 0.000 0.000
ARG03U0157_004 0.000 0.000 0.000 0.000 0.000 0.000 0.000 0.000 0.000 0.000 0.000 0.000 0.000 0.000 0.000
ARG+1U0157_005 1.000 1.000 1.000 1.000 1.000 1.000 1.000 1.000 1.000 1.000 1.000 1.000 1.000 1.000 1.000
THR01U0158_001 0.000 0.000 0.000 0.000 0.000 0.000 0.000 0.000 0.000 0.000 0.000 0.000 0.000 0.000 0.000
THR01U0158_002 0.173 0.166 0.165 0.158 0.169 0.163 0.168 0.171 0.172 0.193 0.213 0.213 0.200 0.207 0.222
THR01U0158_003 0.827 0.834 0.835 0.842 0.831 0.837 0.832 0.829 0.828 0.807 0.787 0.787 0.800 0.793 0.778
LEU01U0159_001 1.000 1.000 1.000 1.000 1.000 1.000 1.000 1.000 1.000 1.000 1.000 1.000 1.000 1.000 1.000
ASP01U0160_001 0.000 0.000 0.001 0.000 0.000 0.000 0.000 0.000 0.000 0.000 0.000 0.000 0.000 0.000 0.000
ASP01U0160_002 0.075 0.078 0.067 0.033 0.006 0.000 0.000 0.000 0.000 0.000 0.000 0.000 0.000 0.000 0.000
ASP02U0160_003 0.025 0.025 0.023 0.011 0.003 0.000 0.000 0.000 0.000 0.000 0.000 0.000 0.000 0.000 0.000
ASP02U0160_004 0.901 0.880 0.776 0.385 0.077 0.012 0.001 0.000 0.000 0.000 0.000 0.000 0.000 0.000 0.000
ASP-1U0160_005 0.000 0.017 0.133 0.570 0.914 0.988 0.999 1.000 1.000 1.000 1.000 1.000 1.000 1.000 1.000
ASP01U0161_001 0.000 0.000 0.000 0.000 0.000 0.000 0.000 0.000 0.000 0.000 0.000 0.000 0.000 0.000 0.000
ASP01U0161_002 0.000 0.000 0.000 0.000 0.000 0.000 0.000 0.000 0.000 0.000 0.000 0.000 0.000 0.000 0.000
ASP02U0161_003 0.351 0.248 0.091 0.014 0.000 0.000 0.000 0.000 0.000 0.000 0.000 0.000 0.000 0.000 0.000
ASP02U0161_004 0.567 0.449 0.164 0.027 0.000 0.000 0.000 0.000 0.000 0.000 0.000 0.000 0.000 0.000 0.000
ASP-1U0161_005 0.082 0.303 0.746 0.959 1.000 1.000 1.000 1.000 1.000 1.000 1.000 1.000 1.000 1.000 1.000
ILE01U0162_001 1.000 1.000 1.000 1.000 1.000 1.000 1.000 1.000 1.000 1.000 1.000 1.000 1.000 1.000 1.000
GLU01U0163_001 0.030 0.028 0.022 0.023 0.022 0.018 0.011 0.002 0.000 0.000 0.000 0.000 0.000 0.000 0.000
GLU01U0163_002 0.667 0.656 0.665 0.647 0.597 0.452 0.223 0.043 0.007 0.000 0.000 0.000 0.000 0.000 0.000
GLU02U0163_003 0.017 0.017 0.016 0.016 0.015 0.012 0.006 0.000 0.000 0.000 0.000 0.000 0.000 0.000 0.000
GLU02U0163_004 0.287 0.299 0.296 0.302 0.280 0.228 0.109 0.021 0.003 0.000 0.000 0.000 0.000 0.000 0.000
GLU-1U0163_005 0.000 0.000 0.001 0.011 0.086 0.291 0.652 0.934 0.990 1.000 1.000 1.000 1.000 1.000 1.000
SER01U0164_001 1.000 1.000 1.000 1.000 1.000 1.000 1.000 1.000 1.000 1.000 1.000 1.000 1.000 1.000 1.000
LYS01U0165_001 0.000 0.000 0.000 0.000 0.000 0.000 0.000 0.000 0.003 0.026 0.220 0.742 0.965 0.996 1.000
LYS+1U0165_002 1.000 1.000 1.000 1.000 1.000 1.000 1.000 1.000 0.997 0.974 0.780 0.258 0.035 0.004 0.000
ASP01U0166_001 0.029 0.024 0.023 0.023 0.018 0.009 0.003 0.000 0.000 0.000 0.000 0.000 0.000 0.000 0.000
ASP01U0166_002 0.853 0.849 0.829 0.800 0.674 0.362 0.122 0.024 0.004 0.000 0.000 0.000 0.000 0.000 0.000
ASP02U0166_003 0.000 0.000 0.000 0.000 0.000 0.000 0.000 0.000 0.000 0.000 0.000 0.000 0.000 0.000 0.000
ASP02U0166_004 0.118 0.127 0.145 0.151 0.132 0.071 0.028 0.006 0.000 0.000 0.000 0.000 0.000 0.000 0.000
ASP-1U0166_005 0.000 0.000 0.003 0.026 0.176 0.558 0.847 0.970 0.996 1.000 1.000 1.000 1.000 1.000 1.000
ALA01U0167_001 1.000 1.000 1.000 1.000 1.000 1.000 1.000 1.000 1.000 1.000 1.000 1.000 1.000 1.000 1.000
ILE01U0168_001 1.000 1.000 1.000 1.000 1.000 1.000 1.000 1.000 1.000 1.000 1.000 1.000 1.000 1.000 1.000
PRO01U0169_001 1.000 1.000 1.000 1.000 1.000 1.000 1.000 1.000 1.000 1.000 1.000 1.000 1.000 1.000 1.000
ASN01U0170_001 0.943 0.941 0.939 0.941 0.939 0.939 0.934 0.933 0.931 0.935 0.938 0.926 0.930 0.930 0.931
ASN01U0170_002 0.006 0.006 0.006 0.007 0.006 0.007 0.007 0.008 0.007 0.008 0.008 0.008 0.008 0.006 0.007
ASN01U0170_003 0.043 0.047 0.048 0.045 0.047 0.046 0.051 0.052 0.054 0.048 0.045 0.058 0.054 0.055 0.054
ASN01U0170_004 0.008 0.006 0.007 0.007 0.008 0.009 0.008 0.008 0.007 0.009 0.009 0.008 0.009 0.009 0.008
PHE01U0171_001 1.000 1.000 1.000 1.000 1.000 1.000 1.000 1.000 1.000 1.000 1.000 1.000 1.000 1.000 1.000
LEU01U0172_001 1.000 1.000 1.000 1.000 1.000 1.000 1.000 1.000 1.000 1.000 1.000 1.000 1.000 1.000 1.000
GLN01U0173_001 0.983 0.985 0.983 0.984 0.984 0.986 0.987 0.987 0.987 0.985 0.982 0.974 0.970 0.971 0.971
GLN01U0173_002 0.017 0.015 0.017 0.016 0.016 0.014 0.013 0.013 0.013 0.015 0.018 0.026 0.030 0.029 0.029
LYS01U0174_001 0.000 0.000 0.000 0.000 0.000 0.000 0.000 0.000 0.009 0.089 0.475 0.900 0.988 1.000 1.000
LYS+1U0174_002 1.000 1.000 1.000 1.000 1.000 1.000 1.000 1.000 0.991 0.911 0.525 0.100 0.012 0.000 0.000
LYS01U0175_001 0.000 0.000 0.000 0.000 0.000 0.000 0.002 0.016 0.113 0.512 0.869 0.978 1.000 1.000 1.000
LYS+1U0175_002 1.000 1.000 1.000 1.000 1.000 1.000 0.998 0.984 0.887 0.488 0.131 0.022 0.000 0.000 0.000
THR01U0176_001 0.652 0.655 0.655 0.648 0.651 0.652 0.649 0.649 0.655 0.661 0.662 0.666 0.664 0.657 0.659
THR01U0176_002 0.348 0.345 0.345 0.352 0.349 0.348 0.351 0.351 0.345 0.339 0.338 0.334 0.336 0.343 0.341
ARG01U0178_001 0.000 0.000 0.000 0.000 0.000 0.000 0.000 0.000 0.000 0.000 0.003 0.013 0.100 0.435 0.644
ARG02U0178_002 0.000 0.000 0.000 0.000 0.000 0.000 0.000 0.000 0.000 0.000 0.000 0.003 0.020 0.076 0.115
ARG03U0178_003 0.000 0.000 0.000 0.000 0.000 0.000 0.000 0.000 0.000 0.000 0.000 0.004 0.029 0.131 0.188
ARG+1U0178_004 1.000 1.000 1.000 1.000 1.000 1.000 1.000 1.000 1.000 1.000 0.997 0.980 0.850 0.358 0.053
LYS01U0179_001 0.000 0.000 0.000 0.000 0.000 0.000 0.000 0.004 0.042 0.238 0.665 0.937 0.994 1.000 1.000
LYS+1U0179_002 1.000 1.000 1.000 1.000 1.000 1.000 1.000 0.996 0.958 0.762 0.335 0.063 0.006 0.000 0.000
ASP01U0180_001 0.000 0.000 0.004 0.000 0.000 0.000 0.000 0.000 0.000 0.000 0.000 0.000 0.000 0.000 0.000
ASP01U0180_002 0.737 0.737 0.699 0.508 0.159 0.019 0.002 0.000 0.000 0.000 0.000 0.000 0.000 0.000 0.000
ASP02U0180_003 0.000 0.000 0.002 0.000 0.000 0.000 0.000 0.000 0.000 0.000 0.000 0.000 0.000 0.000 0.000
ASP02U0180_004 0.263 0.263 0.247 0.183 0.052 0.007 0.001 0.000 0.000 0.000 0.000 0.000 0.000 0.000 0.000
ASP-1U0180_005 0.000 0.000 0.048 0.309 0.789 0.974 0.997 1.000 1.000 1.000 1.000 1.000 1.000 1.000 1.000
PRO01U0181_001 1.000 1.000 1.000 1.000 1.000 1.000 1.000 1.000 1.000 1.000 1.000 1.000 1.000 1.000 1.000
LEU01U0182_001 1.000 1.000 1.000 1.000 1.000 1.000 1.000 1.000 1.000 1.000 1.000 1.000 1.000 1.000 1.000
LEU01U0183_001 1.000 1.000 1.000 1.000 1.000 1.000 1.000 1.000 1.000 1.000 1.000 1.000 1.000 1.000 1.000
PHE01U0184_001 1.000 1.000 1.000 1.000 1.000 1.000 1.000 1.000 1.000 1.000 1.000 1.000 1.000 1.000 1.000
SER01U0185_001 0.910 0.906 0.900 0.884 0.866 0.862 0.862 0.864 0.869 0.875 0.874 0.860 0.861 0.860 0.853
SER01U0185_002 0.090 0.094 0.100 0.116 0.134 0.138 0.138 0.136 0.131 0.125 0.126 0.140 0.139 0.140 0.147
ILE01U0186_001 1.000 1.000 1.000 1.000 1.000 1.000 1.000 1.000 1.000 1.000 1.000 1.000 1.000 1.000 1.000
LEU01U0187_001 1.000 1.000 1.000 1.000 1.000 1.000 1.000 1.000 1.000 1.000 1.000 1.000 1.000 1.000 1.000
ARG01U0188_001 0.000 0.000 0.000 0.000 0.000 0.000 0.000 0.000 0.000 0.000 0.000 0.007 0.069 0.315 0.578
ARG02U0188_002 0.000 0.000 0.000 0.000 0.000 0.000 0.000 0.000 0.000 0.000 0.000 0.002 0.020 0.093 0.171
ARG03U0188_003 0.000 0.000 0.000 0.000 0.000 0.000 0.000 0.000 0.000 0.000 0.000 0.001 0.017 0.080 0.150
ARG+1U0188_004 1.000 1.000 1.000 1.000 1.000 1.000 1.000 1.000 1.000 1.000 1.000 0.990 0.894 0.512 0.101
GLU01U0189_001 0.005 0.000 0.004 0.000 0.004 0.003 0.001 0.000 0.000 0.000 0.000 0.000 0.000 0.000 0.000
GLU01U0189_002 0.648 0.654 0.651 0.648 0.609 0.442 0.255 0.066 0.008 0.000 0.000 0.000 0.000 0.000 0.000
GLU02U0189_003 0.000 0.000 0.000 0.000 0.000 0.000 0.000 0.000 0.000 0.000 0.000 0.000 0.000 0.000 0.000
GLU02U0189_004 0.347 0.346 0.345 0.347 0.346 0.352 0.262 0.067 0.009 0.000 0.000 0.000 0.000 0.000 0.000
GLU-1U0189_005 0.000 0.000 0.000 0.006 0.042 0.204 0.482 0.866 0.983 1.000 1.000 1.000 1.000 1.000 1.000
ILE01U0190_001 1.000 1.000 1.000 1.000 1.000 1.000 1.000 1.000 1.000 1.000 1.000 1.000 1.000 1.000 1.000
LEU01U0191_001 1.000 1.000 1.000 1.000 1.000 1.000 1.000 1.000 1.000 1.000 1.000 1.000 1.000 1.000 1.000
ASN01U0192_001 0.003 0.003 0.000 0.003 0.000 0.000 0.003 0.002 0.003 0.000 0.000 0.003 0.000 0.003 0.004
ASN01U0192_002 0.928 0.926 0.923 0.927 0.931 0.932 0.932 0.940 0.934 0.941 0.937 0.937 0.935 0.940 0.932
ASN01U0192_003 0.036 0.036 0.039 0.035 0.035 0.034 0.032 0.027 0.031 0.029 0.029 0.027 0.031 0.027 0.029
ASN01U0192_004 0.033 0.034 0.038 0.035 0.034 0.033 0.033 0.030 0.032 0.030 0.033 0.033 0.035 0.030 0.036
TYR01U0193_001 0.988 0.988 0.986 0.988 0.988 0.986 0.984 0.986 0.986 0.987 0.986 0.984 0.984 0.982 0.983
TYR01U0193_002 0.012 0.012 0.014 0.012 0.012 0.014 0.016 0.014 0.014 0.013 0.014 0.016 0.016 0.018 0.017
TYR-1U0193_003 0.000 0.000 0.000 0.000 0.000 0.000 0.000 0.000 0.000 0.000 0.000 0.000 0.000 0.000 0.000
LYS01U0194_001 0.000 0.000 0.000 0.000 0.000 0.000 0.000 0.000 0.004 0.034 0.261 0.752 0.968 0.996 1.000
LYS+1U0194_002 1.000 1.000 1.000 1.000 1.000 1.000 1.000 1.000 0.996 0.966 0.739 0.248 0.032 0.004 0.000
PHE01U0195_001 1.000 1.000 1.000 1.000 1.000 1.000 1.000 1.000 1.000 1.000 1.000 1.000 1.000 1.000 1.000
LYS01U0196_001 0.000 0.000 0.000 0.000 0.000 0.000 0.000 0.000 0.008 0.074 0.401 0.839 0.975 0.995 1.000
LYS+1U0196_002 1.000 1.000 1.000 1.000 1.000 1.000 1.000 1.000 0.992 0.926 0.599 0.161 0.025 0.005 0.000
LEU01U0197_001 1.000 1.000 1.000 1.000 1.000 1.000 1.000 1.000 1.000 1.000 1.000 1.000 1.000 1.000 1.000
PHE01U0199_001 1.000 1.000 1.000 1.000 1.000 1.000 1.000 1.000 1.000 1.000 1.000 1.000 1.000 1.000 1.000
THR01U0200_001 0.000 0.000 0.000 0.000 0.000 0.000 0.000 0.000 0.000 0.000 0.000 0.000 0.000 0.000 0.000
THR01U0200_002 1.000 1.000 1.000 1.000 1.000 1.000 1.000 1.000 1.000 1.000 1.000 1.000 1.000 1.000 1.000
THR01U0201_001 0.387 0.407 0.410 0.409 0.409 0.405 0.400 0.407 0.407 0.416 0.428 0.424 0.425 0.463 0.497
THR01U0201_002 0.038 0.034 0.037 0.035 0.033 0.035 0.030 0.031 0.030 0.033 0.038 0.033 0.034 0.027 0.019
THR01U0201_003 0.576 0.559 0.553 0.556 0.558 0.560 0.570 0.563 0.563 0.551 0.534 0.543 0.542 0.510 0.483
THR01U0202_001 0.250 0.269 0.272 0.276 0.279 0.278 0.287 0.290 0.289 0.277 0.257 0.266 0.266 0.274 0.289
THR01U0202_002 0.750 0.731 0.728 0.724 0.721 0.722 0.713 0.710 0.711 0.723 0.743 0.734 0.734 0.726 0.711
ILE01U0203_001 1.000 1.000 1.000 1.000 1.000 1.000 1.000 1.000 1.000 1.000 1.000 1.000 1.000 1.000 1.000
ALA01U0204_001 1.000 1.000 1.000 1.000 1.000 1.000 1.000 1.000 1.000 1.000 1.000 1.000 1.000 1.000 1.000
THR01U0205_001 0.244 0.243 0.247 0.247 0.252 0.255 0.253 0.258 0.263 0.259 0.236 0.216 0.213 0.218 0.229
THR01U0205_002 0.756 0.757 0.753 0.753 0.748 0.745 0.747 0.742 0.737 0.741 0.764 0.784 0.787 0.782 0.771
ALA01U0206_001 1.000 1.000 1.000 1.000 1.000 1.000 1.000 1.000 1.000 1.000 1.000 1.000 1.000 1.000 1.000
PHE01U0207_001 1.000 1.000 1.000 1.000 1.000 1.000 1.000 1.000 1.000 1.000 1.000 1.000 1.000 1.000 1.000
ILE01U0208_001 1.000 1.000 1.000 1.000 1.000 1.000 1.000 1.000 1.000 1.000 1.000 1.000 1.000 1.000 1.000
LYS01U0209_001 0.000 0.000 0.000 0.000 0.000 0.000 0.000 0.001 0.012 0.102 0.494 0.902 0.988 1.000 1.000
LYS+1U0209_002 1.000 1.000 1.000 1.000 1.000 1.000 1.000 0.999 0.988 0.898 0.506 0.098 0.012 0.000 0.000
LYS01U0210_001 0.000 0.000 0.000 0.000 0.000 0.000 0.000 0.006 0.047 0.308 0.765 0.956 0.995 1.000 1.000
LYS+1U0210_002 1.000 1.000 1.000 1.000 1.000 1.000 1.000 0.994 0.953 0.692 0.235 0.044 0.005 0.000 0.000
PHE01U0211_001 1.000 1.000 1.000 1.000 1.000 1.000 1.000 1.000 1.000 1.000 1.000 1.000 1.000 1.000 1.000
ALA01U0212_001 1.000 1.000 1.000 1.000 1.000 1.000 1.000 1.000 1.000 1.000 1.000 1.000 1.000 1.000 1.000
PRO01U0213_001 1.000 1.000 1.000 1.000 1.000 1.000 1.000 1.000 1.000 1.000 1.000 1.000 1.000 1.000 1.000
LEU01U0214_001 1.000 1.000 1.000 1.000 1.000 1.000 1.000 1.000 1.000 1.000 1.000 1.000 1.000 1.000 1.000
PHE01U0215_001 1.000 1.000 1.000 1.000 1.000 1.000 1.000 1.000 1.000 1.000 1.000 1.000 1.000 1.000 1.000
ARG01U0216_001 0.000 0.000 0.000 0.000 0.000 0.000 0.000 0.000 0.000 0.000 0.009 0.018 0.074 0.285 0.497
ARG01U0216_002 0.000 0.000 0.000 0.000 0.000 0.000 0.000 0.000 0.000 0.000 0.000 0.000 0.009 0.039 0.063
ARG02U0216_003 0.000 0.000 0.000 0.000 0.000 0.000 0.000 0.000 0.000 0.000 0.000 0.004 0.018 0.084 0.136
ARG02U0216_004 0.000 0.000 0.000 0.000 0.000 0.000 0.000 0.000 0.000 0.000 0.000 0.000 0.000 0.002 0.002
ARG03U0216_005 0.000 0.000 0.000 0.000 0.000 0.000 0.000 0.000 0.000 0.000 0.000 0.006 0.026 0.124 0.205
ARG03U0216_006 0.000 0.000 0.000 0.000 0.000 0.000 0.000 0.000 0.000 0.000 0.000 0.001 0.002 0.010 0.015
ARG+1U0216_007 0.879 0.879 0.880 0.886 0.887 0.901 0.898 0.900 0.896 0.897 0.865 0.823 0.735 0.386 0.068
ARG+1U0216_008 0.121 0.121 0.120 0.114 0.113 0.099 0.102 0.100 0.104 0.103 0.126 0.148 0.135 0.072 0.012
ASP01U0217_001 0.004 0.003 0.003 0.003 0.000 0.000 0.000 0.000 0.000 0.000 0.000 0.000 0.000 0.000 0.000
ASP01U0217_002 0.378 0.386 0.372 0.350 0.245 0.065 0.010 0.000 0.000 0.000 0.000 0.000 0.000 0.000 0.000
ASP02U0217_003 0.011 0.009 0.012 0.011 0.009 0.002 0.000 0.000 0.000 0.000 0.000 0.000 0.000 0.000 0.000
ASP02U0217_004 0.607 0.602 0.606 0.578 0.396 0.118 0.016 0.000 0.000 0.000 0.000 0.000 0.000 0.000 0.000
ASP-1U0217_005 0.000 0.001 0.008 0.058 0.349 0.814 0.975 1.000 1.000 1.000 1.000 1.000 1.000 1.000 1.000
ASP01U0218_001 0.019 0.018 0.018 0.014 0.006 0.001 0.000 0.000 0.000 0.000 0.000 0.000 0.000 0.000 0.000
ASP01U0218_002 0.366 0.377 0.358 0.258 0.096 0.016 0.002 0.000 0.000 0.000 0.000 0.000 0.000 0.000 0.000
ASP02U0218_003 0.046 0.048 0.044 0.031 0.011 0.002 0.000 0.000 0.000 0.000 0.000 0.000 0.000 0.000 0.000
ASP02U0218_004 0.569 0.557 0.543 0.399 0.136 0.020 0.002 0.000 0.000 0.000 0.000 0.000 0.000 0.000 0.000
ASP-1U0218_005 0.000 0.000 0.037 0.297 0.750 0.960 0.996 1.000 1.000 1.000 1.000 1.000 1.000 1.000 1.000
ASP01U0219_001 0.000 0.000 0.000 0.000 0.000 0.000 0.000 0.000 0.000 0.000 0.000 0.000 0.000 0.000 0.000
ASP01U0219_002 0.164 0.166 0.174 0.150 0.099 0.028 0.004 0.001 0.000 0.000 0.000 0.000 0.000 0.000 0.000
ASP02U0219_003 0.014 0.013 0.014 0.013 0.007 0.002 0.000 0.000 0.000 0.000 0.000 0.000 0.000 0.000 0.000
ASP02U0219_004 0.822 0.821 0.798 0.731 0.474 0.132 0.021 0.003 0.000 0.000 0.000 0.000 0.000 0.000 0.000
ASP-1U0219_005 0.000 0.000 0.015 0.106 0.421 0.838 0.975 0.997 1.000 1.000 1.000 1.000 1.000 1.000 1.000
ASN01U0220_001 0.898 0.903 0.899 0.875 0.808 0.726 0.701 0.698 0.698 0.697 0.686 0.654 0.542 0.442 0.412
ASN01U0220_002 0.102 0.097 0.101 0.125 0.192 0.274 0.299 0.302 0.302 0.303 0.314 0.346 0.458 0.558 0.588
SER01U0221_001 0.004 0.006 0.005 0.008 0.015 0.025 0.026 0.031 0.029 0.030 0.029 0.035 0.052 0.070 0.079
SER01U0221_002 0.000 0.003 0.003 0.002 0.003 0.002 0.002 0.001 0.000 0.002 0.003 0.004 0.006 0.008 0.009
SER01U0221_003 0.996 0.991 0.991 0.990 0.981 0.974 0.972 0.968 0.971 0.968 0.968 0.962 0.942 0.923 0.912
TRP01U0222_001 1.000 1.000 1.000 1.000 1.000 1.000 1.000 1.000 1.000 1.000 1.000 1.000 1.000 1.000 1.000
ASP01U0223_001 0.002 0.002 0.000 0.001 0.000 0.000 0.000 0.000 0.000 0.000 0.000 0.000 0.000 0.000 0.000
ASP01U0223_002 0.152 0.147 0.145 0.128 0.063 0.015 0.001 0.000 0.000 0.000 0.000 0.000 0.000 0.000 0.000
ASP02U0223_003 0.141 0.140 0.131 0.119 0.052 0.010 0.002 0.000 0.000 0.000 0.000 0.000 0.000 0.000 0.000
ASP02U0223_004 0.705 0.708 0.704 0.579 0.275 0.061 0.007 0.002 0.000 0.000 0.000 0.000 0.000 0.000 0.000
ASP-1U0223_005 0.000 0.003 0.020 0.173 0.609 0.914 0.990 0.998 1.000 1.000 1.000 1.000 1.000 1.000 1.000
ASP01U0224_001 0.000 0.000 0.004 0.004 0.002 0.000 0.000 0.000 0.000 0.000 0.000 0.000 0.000 0.000 0.000
ASP01U0224_002 0.560 0.560 0.550 0.491 0.295 0.068 0.007 0.001 0.000 0.000 0.000 0.000 0.000 0.000 0.000
ASP02U0224_003 0.010 0.009 0.009 0.010 0.004 0.001 0.000 0.000 0.000 0.000 0.000 0.000 0.000 0.000 0.000
ASP02U0224_004 0.430 0.431 0.423 0.369 0.208 0.048 0.004 0.000 0.000 0.000 0.000 0.000 0.000 0.000 0.000
ASP-1U0224_005 0.000 0.000 0.015 0.127 0.490 0.883 0.988 0.999 1.000 1.000 1.000 1.000 1.000 1.000 1.000
LEU01U0225_001 1.000 1.000 1.000 1.000 1.000 1.000 1.000 1.000 1.000 1.000 1.000 1.000 1.000 1.000 1.000
ILE01U0226_001 1.000 1.000 1.000 1.000 1.000 1.000 1.000 1.000 1.000 1.000 1.000 1.000 1.000 1.000 1.000
TYR01U0227_001 1.000 1.000 1.000 1.000 1.000 1.000 1.000 1.000 0.999 0.987 0.886 0.465 0.084 0.010 0.000
TYR-1U0227_002 0.000 0.000 0.000 0.000 0.000 0.000 0.000 0.000 0.001 0.013 0.114 0.535 0.916 0.990 1.000
ASP01U0228_001 0.000 0.000 0.000 0.000 0.000 0.000 0.000 0.000 0.000 0.000 0.000 0.000 0.000 0.000 0.000
ASP01U0228_002 0.097 0.098 0.086 0.053 0.013 0.000 0.000 0.000 0.000 0.000 0.000 0.000 0.000 0.000 0.000
ASP02U0228_003 0.040 0.042 0.039 0.026 0.007 0.000 0.000 0.000 0.000 0.000 0.000 0.000 0.000 0.000 0.000
ASP02U0228_004 0.864 0.850 0.797 0.517 0.123 0.027 0.004 0.000 0.000 0.000 0.000 0.000 0.000 0.000 0.000
ASP-1U0228_005 0.000 0.011 0.078 0.403 0.858 0.973 0.996 1.000 1.000 1.000 1.000 1.000 1.000 1.000 1.000
SER01U0229_001 0.129 0.130 0.133 0.139 0.148 0.148 0.154 0.144 0.146 0.149 0.152 0.164 0.161 0.166 0.166
SER01U0229_002 0.871 0.870 0.867 0.861 0.852 0.852 0.846 0.856 0.854 0.851 0.848 0.836 0.839 0.834 0.834
LYS01U0230_001 0.000 0.000 0.000 0.000 0.000 0.000 0.000 0.000 0.002 0.016 0.142 0.620 0.937 0.993 1.000
LYS+1U0230_002 1.000 1.000 1.000 1.000 1.000 1.000 1.000 1.000 0.998 0.984 0.858 0.380 0.063 0.007 0.000
LEU01U0231_001 1.000 1.000 1.000 1.000 1.000 1.000 1.000 1.000 1.000 1.000 1.000 1.000 1.000 1.000 1.000
LYS01U0232_001 0.000 0.000 0.000 0.000 0.000 0.000 0.000 0.000 0.000 0.000 0.016 0.121 0.537 0.887 0.979
LYS+1U0232_002 1.000 1.000 1.000 1.000 1.000 1.000 1.000 1.000 1.000 1.000 0.984 0.879 0.463 0.113 0.021
ALA01U0234_001 1.000 1.000 1.000 1.000 1.000 1.000 1.000 1.000 1.000 1.000 1.000 1.000 1.000 1.000 1.000
LEU01U0235_001 1.000 1.000 1.000 1.000 1.000 1.000 1.000 1.000 1.000 1.000 1.000 1.000 1.000 1.000 1.000
GLN01U0236_001 1.000 1.000 1.000 1.000 1.000 1.000 1.000 1.000 1.000 1.000 1.000 1.000 1.000 1.000 1.000
SER01U0237_001 0.087 0.085 0.088 0.088 0.090 0.091 0.088 0.090 0.087 0.089 0.088 0.092 0.091 0.092 0.092
SER01U0237_002 0.913 0.915 0.912 0.912 0.910 0.909 0.912 0.910 0.913 0.911 0.912 0.908 0.909 0.908 0.908
LEU01U0238_001 1.000 1.000 1.000 1.000 1.000 1.000 1.000 1.000 1.000 1.000 1.000 1.000 1.000 1.000 1.000
PHE01U0239_001 1.000 1.000 1.000 1.000 1.000 1.000 1.000 1.000 1.000 1.000 1.000 1.000 1.000 1.000 1.000
LYS01U0240_001 0.000 0.000 0.000 0.000 0.000 0.000 0.001 0.005 0.046 0.333 0.809 0.974 0.997 1.000 1.000
LYS+1U0240_002 1.000 1.000 1.000 1.000 1.000 1.000 0.999 0.995 0.954 0.667 0.191 0.026 0.003 0.000 0.000
ASN01U0241_001 0.576 0.570 0.577 0.575 0.574 0.565 0.563 0.566 0.568 0.579 0.586 0.589 0.587 0.596 0.597
ASN01U0241_002 0.424 0.430 0.423 0.425 0.426 0.435 0.437 0.434 0.432 0.421 0.414 0.411 0.413 0.404 0.403
PHE01U0242_001 1.000 1.000 1.000 1.000 1.000 1.000 1.000 1.000 1.000 1.000 1.000 1.000 1.000 1.000 1.000
ILE01U0243_001 1.000 1.000 1.000 1.000 1.000 1.000 1.000 1.000 1.000 1.000 1.000 1.000 1.000 1.000 1.000
ASP01U0244_001 0.005 0.005 0.004 0.004 0.003 0.000 0.000 0.000 0.000 0.000 0.000 0.000 0.000 0.000 0.000
ASP01U0244_002 0.231 0.218 0.220 0.202 0.123 0.025 0.000 0.000 0.000 0.000 0.000 0.000 0.000 0.000 0.000
ASP02U0244_003 0.041 0.041 0.040 0.039 0.021 0.005 0.000 0.000 0.000 0.000 0.000 0.000 0.000 0.000 0.000
ASP02U0244_004 0.722 0.736 0.726 0.672 0.387 0.077 0.014 0.000 0.000 0.000 0.000 0.000 0.000 0.000 0.000
ASP-1U0244_005 0.000 0.000 0.010 0.083 0.465 0.893 0.986 1.000 1.000 1.000 1.000 1.000 1.000 1.000 1.000
ALA01U0245_001 1.000 1.000 1.000 1.000 1.000 1.000 1.000 1.000 1.000 1.000 1.000 1.000 1.000 1.000 1.000
THR01U0246_001 0.028 0.030 0.028 0.030 0.028 0.028 0.030 0.029 0.028 0.030 0.029 0.030 0.032 0.036 0.043
THR01U0246_002 0.838 0.833 0.836 0.835 0.836 0.840 0.830 0.829 0.845 0.825 0.817 0.820 0.811 0.799 0.792
THR01U0246_003 0.135 0.138 0.136 0.136 0.136 0.132 0.140 0.142 0.127 0.145 0.154 0.151 0.158 0.164 0.165
PHE01U0247_001 1.000 1.000 1.000 1.000 1.000 1.000 1.000 1.000 1.000 1.000 1.000 1.000 1.000 1.000 1.000
ALA01U0248_001 1.000 1.000 1.000 1.000 1.000 1.000 1.000 1.000 1.000 1.000 1.000 1.000 1.000 1.000 1.000
ARG01U0249_001 0.000 0.000 0.000 0.000 0.000 0.000 0.000 0.000 0.000 0.000 0.000 0.000 0.003 0.010 0.017
ARG02U0249_002 0.000 0.000 0.000 0.000 0.000 0.000 0.000 0.000 0.000 0.000 0.003 0.007 0.034 0.136 0.254
ARG02U0249_003 0.000 0.000 0.000 0.000 0.000 0.000 0.000 0.000 0.000 0.000 0.000 0.000 0.004 0.013 0.027
ARG03U0249_004 0.000 0.000 0.000 0.000 0.000 0.000 0.000 0.000 0.000 0.000 0.005 0.013 0.073 0.288 0.536
ARG+1U0249_005 1.000 1.000 1.000 1.000 1.000 1.000 1.000 1.000 1.000 1.000 0.992 0.980 0.886 0.552 0.166
ALA01U0250_001 1.000 1.000 1.000 1.000 1.000 1.000 1.000 1.000 1.000 1.000 1.000 1.000 1.000 1.000 1.000
THR01U0251_001 0.308 0.308 0.300 0.304 0.299 0.322 0.340 0.349 0.344 0.351 0.357 0.368 0.362 0.351 0.343
THR01U0251_002 0.692 0.692 0.700 0.696 0.701 0.678 0.660 0.651 0.656 0.649 0.643 0.632 0.638 0.649 0.657
GLU01U0252_001 0.003 0.001 0.000 0.000 0.000 0.000 0.000 0.000 0.000 0.000 0.000 0.000 0.000 0.000 0.000
GLU01U0252_002 0.571 0.442 0.134 0.021 0.002 0.000 0.000 0.000 0.000 0.000 0.000 0.000 0.000 0.000 0.000
GLU02U0252_003 0.004 0.003 0.001 0.000 0.000 0.000 0.000 0.000 0.000 0.000 0.000 0.000 0.000 0.000 0.000
GLU02U0252_004 0.385 0.282 0.084 0.014 0.001 0.000 0.000 0.000 0.000 0.000 0.000 0.000 0.000 0.000 0.000
GLU-1U0252_005 0.037 0.272 0.781 0.965 0.997 1.000 1.000 1.000 1.000 1.000 1.000 1.000 1.000 1.000 1.000
LEU01U0253_001 1.000 1.000 1.000 1.000 1.000 1.000 1.000 1.000 1.000 1.000 1.000 1.000 1.000 1.000 1.000
HIS01U0254_001 0.000 0.000 0.000 0.013 0.061 0.319 0.721 0.838 0.867 0.875 0.877 0.863 0.867 0.872 0.881
HIS01U0254_002 0.000 0.000 0.000 0.000 0.000 0.000 0.000 0.000 0.000 0.000 0.000 0.000 0.000 0.000 0.000
HIS02U0254_003 0.000 0.000 0.000 0.000 0.015 0.069 0.134 0.139 0.129 0.125 0.123 0.137 0.133 0.128 0.119
HIS02U0254_004 0.000 0.000 0.000 0.000 0.000 0.000 0.000 0.000 0.000 0.000 0.000 0.000 0.000 0.000 0.000
HIS+1U0254_005 1.000 1.000 1.000 0.987 0.925 0.612 0.145 0.023 0.004 0.000 0.000 0.000 0.000 0.000 0.000
HIS+1U0254_006 0.000 0.000 0.000 0.000 0.000 0.000 0.000 0.000 0.000 0.000 0.000 0.000 0.000 0.000 0.000
LYS01U0255_001 0.000 0.000 0.000 0.000 0.000 0.000 0.000 0.000 0.008 0.059 0.399 0.857 0.983 0.999 1.000
LYS+1U0255_002 1.000 1.000 1.000 1.000 1.000 1.000 1.000 1.000 0.992 0.941 0.601 0.143 0.017 0.001 0.000
LYS01U0256_001 0.000 0.000 0.000 0.000 0.000 0.000 0.000 0.000 0.008 0.076 0.389 0.831 0.971 0.995 1.000
LYS+1U0256_002 1.000 1.000 1.000 1.000 1.000 1.000 1.000 1.000 0.992 0.924 0.611 0.169 0.029 0.005 0.000
VAL01U0257_001 1.000 1.000 1.000 1.000 1.000 1.000 1.000 1.000 1.000 1.000 1.000 1.000 1.000 1.000 1.000
ASN01U0258_001 0.448 0.407 0.413 0.423 0.452 0.615 0.840 0.890 0.893 0.897 0.909 0.924 0.925 0.906 0.863
ASN01U0258_002 0.165 0.176 0.176 0.171 0.168 0.134 0.095 0.094 0.098 0.097 0.085 0.071 0.069 0.084 0.120
ASN01U0258_003 0.387 0.417 0.411 0.406 0.380 0.251 0.066 0.016 0.009 0.006 0.007 0.004 0.005 0.009 0.017
LYS01U0259_001 0.000 0.000 0.000 0.000 0.000 0.000 0.000 0.000 0.004 0.040 0.286 0.758 0.962 0.995 1.000
LYS+1U0259_002 1.000 1.000 1.000 1.000 1.000 1.000 1.000 1.000 0.996 0.960 0.714 0.242 0.038 0.005 0.000
LEU01U0260_001 1.000 1.000 1.000 1.000 1.000 1.000 1.000 1.000 1.000 1.000 1.000 1.000 1.000 1.000 1.000
GLN01U0261_001 0.882 0.889 0.894 0.893 0.900 0.900 0.893 0.882 0.890 0.901 0.906 0.900 0.891 0.837 0.675
GLN01U0261_002 0.118 0.111 0.106 0.107 0.100 0.100 0.107 0.118 0.110 0.099 0.094 0.100 0.109 0.163 0.325
ARG01U0262_001 0.000 0.000 0.000 0.000 0.000 0.000 0.000 0.000 0.000 0.000 0.009 0.021 0.114 0.444 0.633
ARG02U0262_002 0.000 0.000 0.000 0.000 0.000 0.000 0.000 0.000 0.000 0.000 0.000 0.004 0.023 0.091 0.132
ARG03U0262_003 0.000 0.000 0.000 0.000 0.000 0.000 0.000 0.000 0.000 0.000 0.000 0.006 0.031 0.134 0.184
ARG+1U0262_004 1.000 1.000 1.000 1.000 1.000 1.000 1.000 1.000 1.000 1.000 0.991 0.969 0.833 0.331 0.052
GLU01U0263_001 0.030 0.031 0.030 0.018 0.004 0.000 0.000 0.000 0.000 0.000 0.000 0.000 0.000 0.000 0.000
GLU01U0263_002 0.785 0.785 0.737 0.488 0.108 0.014 0.003 0.000 0.000 0.000 0.000 0.000 0.000 0.000 0.000
GLU02U0263_003 0.015 0.013 0.013 0.008 0.002 0.000 0.000 0.000 0.000 0.000 0.000 0.000 0.000 0.000 0.000
GLU02U0263_004 0.170 0.164 0.154 0.099 0.021 0.003 0.000 0.000 0.000 0.000 0.000 0.000 0.000 0.000 0.000
GLU-1U0263_005 0.000 0.007 0.065 0.386 0.865 0.984 0.997 1.000 1.000 1.000 1.000 1.000 1.000 1.000 1.000
HIS01U0264_001 0.002 0.000 0.000 0.000 0.000 0.000 0.000 0.001 0.000 0.000 0.000 0.000 0.000 0.000 0.000
HIS02U0264_002 0.000 0.000 0.000 0.000 0.000 0.000 0.003 0.018 0.170 0.669 0.947 0.993 1.000 1.000 1.000
HIS+1U0264_003 0.998 1.000 1.000 1.000 1.000 1.000 0.997 0.981 0.830 0.331 0.053 0.007 0.000 0.000 0.000
GLN01U0265_001 0.745 0.748 0.738 0.743 0.744 0.752 0.750 0.764 0.796 0.802 0.813 0.801 0.773 0.744 0.769
GLN01U0265_002 0.255 0.252 0.262 0.257 0.256 0.248 0.250 0.236 0.204 0.198 0.187 0.199 0.227 0.256 0.231
LYS01U0266_001 0.000 0.000 0.000 0.000 0.000 0.000 0.000 0.000 0.000 0.012 0.100 0.485 0.878 0.977 0.997
LYS+1U0266_002 1.000 1.000 1.000 1.000 1.000 1.000 1.000 1.000 1.000 0.988 0.900 0.515 0.122 0.023 0.003
CYS01U0267_001 0.270 0.263 0.258 0.243 0.209 0.196 0.200 0.190 0.184 0.166 0.148 0.139 0.102 0.081 0.059
CYS01U0267_002 0.397 0.398 0.412 0.447 0.497 0.509 0.505 0.512 0.523 0.541 0.557 0.548 0.514 0.472 0.368
CYS01U0267_003 0.333 0.339 0.330 0.310 0.294 0.295 0.295 0.298 0.292 0.293 0.290 0.282 0.263 0.201 0.123
CYS-1U0267_004 0.000 0.000 0.000 0.000 0.000 0.000 0.000 0.000 0.000 0.000 0.006 0.031 0.120 0.246 0.450
GLN01U0268_001 0.972 0.973 0.971 0.968 0.967 0.964 0.963 0.959 0.925 0.804 0.741 0.727 0.703 0.683 0.634
GLN01U0268_002 0.028 0.027 0.029 0.032 0.033 0.036 0.037 0.041 0.075 0.196 0.259 0.273 0.297 0.317 0.366
ILE01U0269_001 1.000 1.000 1.000 1.000 1.000 1.000 1.000 1.000 1.000 1.000 1.000 1.000 1.000 1.000 1.000
ARG01U0270_001 0.000 0.000 0.000 0.000 0.000 0.000 0.000 0.000 0.000 0.000 0.002 0.003 0.026 0.167 0.293
ARG02U0270_002 0.000 0.000 0.000 0.000 0.000 0.000 0.000 0.000 0.000 0.000 0.000 0.001 0.013 0.083 0.149
ARG03U0270_003 0.000 0.000 0.000 0.000 0.000 0.000 0.000 0.000 0.000 0.000 0.000 0.000 0.004 0.027 0.047
ARG03U0270_004 0.000 0.000 0.000 0.000 0.000 0.000 0.000 0.000 0.000 0.000 0.000 0.001 0.004 0.025 0.039
ARG+1U0270_005 1.000 1.000 1.000 1.000 1.000 1.000 1.000 1.000 1.000 1.000 0.998 0.995 0.953 0.698 0.472
THR01U0271_001 0.121 0.120 0.123 0.122 0.123 0.120 0.122 0.124 0.126 0.123 0.124 0.128 0.129 0.135 0.143
THR01U0271_002 0.000 0.000 0.000 0.000 0.000 0.000 0.000 0.000 0.000 0.000 0.000 0.000 0.000 0.000 0.000
THR01U0271_003 0.879 0.880 0.877 0.878 0.877 0.880 0.878 0.876 0.874 0.877 0.876 0.872 0.871 0.865 0.857
LYS01U0273_001 0.000 0.000 0.000 0.000 0.000 0.000 0.000 0.000 0.004 0.039 0.276 0.793 0.974 0.997 1.000
LYS+1U0273_002 1.000 1.000 1.000 1.000 1.000 1.000 1.000 1.000 0.996 0.961 0.724 0.207 0.026 0.003 0.000
LEU01U0274_001 1.000 1.000 1.000 1.000 1.000 1.000 1.000 1.000 1.000 1.000 1.000 1.000 1.000 1.000 1.000
ARG01U0275_001 0.000 0.000 0.000 0.000 0.000 0.000 0.000 0.000 0.000 0.000 0.000 0.000 0.000 0.023 0.095
ARG02U0275_002 0.000 0.000 0.000 0.000 0.000 0.000 0.000 0.000 0.000 0.000 0.000 0.000 0.000 0.002 0.007
ARG02U0275_003 0.000 0.000 0.000 0.000 0.000 0.000 0.000 0.000 0.000 0.000 0.000 0.000 0.003 0.018 0.073
ARG03U0275_004 0.000 0.000 0.000 0.000 0.000 0.000 0.000 0.000 0.000 0.000 0.000 0.000 0.022 0.113 0.468
ARG03U0275_005 0.000 0.000 0.000 0.000 0.000 0.000 0.000 0.000 0.000 0.000 0.000 0.000 0.000 0.000 0.000
ARG+1U0275_006 1.000 1.000 1.000 1.000 1.000 1.000 1.000 1.000 1.000 1.000 1.000 1.000 0.976 0.845 0.356
ASP01U0276_001 0.000 0.000 0.000 0.000 0.000 0.000 0.000 0.000 0.000 0.000 0.000 0.000 0.000 0.000 0.000
ASP01U0276_002 0.000 0.000 0.000 0.000 0.000 0.000 0.000 0.000 0.000 0.000 0.000 0.000 0.000 0.000 0.000
ASP02U0276_003 0.022 0.000 0.000 0.000 0.000 0.000 0.000 0.000 0.000 0.000 0.000 0.000 0.000 0.000 0.000
ASP02U0276_004 0.002 0.000 0.000 0.000 0.000 0.000 0.000 0.001 0.000 0.000 0.000 0.000 0.000 0.000 0.000
ASP-1U0276_005 0.977 1.000 1.000 1.000 1.000 1.000 1.000 0.999 1.000 1.000 1.000 1.000 1.000 1.000 1.000
GLU01U0277_001 0.017 0.016 0.016 0.014 0.010 0.003 0.000 0.000 0.000 0.000 0.000 0.000 0.000 0.000 0.000
GLU01U0277_002 0.339 0.348 0.336 0.314 0.201 0.055 0.005 0.001 0.000 0.000 0.000 0.000 0.000 0.000 0.000
GLU02U0277_003 0.028 0.031 0.030 0.025 0.017 0.006 0.001 0.000 0.000 0.000 0.000 0.000 0.000 0.000 0.000
GLU02U0277_004 0.616 0.606 0.611 0.585 0.380 0.099 0.013 0.002 0.000 0.000 0.000 0.000 0.000 0.000 0.000
GLU-1U0277_005 0.000 0.000 0.007 0.061 0.393 0.837 0.981 0.997 1.000 1.000 1.000 1.000 1.000 1.000 1.000
TYR01U0278_001 1.000 1.000 1.000 1.000 1.000 1.000 1.000 1.000 1.000 1.000 0.968 0.804 0.369 0.103 0.024
TYR-1U0278_002 0.000 0.000 0.000 0.000 0.000 0.000 0.000 0.000 0.000 0.000 0.032 0.196 0.631 0.897 0.976
VAL01U0279_001 1.000 1.000 1.000 1.000 1.000 1.000 1.000 1.000 1.000 1.000 1.000 1.000 1.000 1.000 1.000
GLU01U0280_001 0.010 0.006 0.001 0.000 0.000 0.000 0.000 0.000 0.000 0.000 0.000 0.000 0.000 0.000 0.000
GLU01U0280_002 0.820 0.510 0.107 0.019 0.000 0.000 0.000 0.000 0.000 0.000 0.000 0.000 0.000 0.000 0.000
GLU02U0280_003 0.000 0.000 0.000 0.000 0.000 0.000 0.000 0.000 0.000 0.000 0.000 0.000 0.000 0.000 0.000
GLU02U0280_004 0.099 0.060 0.013 0.000 0.000 0.000 0.000 0.000 0.000 0.000 0.000 0.000 0.000 0.000 0.000
GLU-1U0280_005 0.071 0.425 0.879 0.981 1.000 1.000 1.000 1.000 1.000 1.000 1.000 1.000 1.000 1.000 1.000
GLU01U0281_001 0.005 0.005 0.006 0.005 0.004 0.001 0.000 0.000 0.000 0.000 0.000 0.000 0.000 0.000 0.000
GLU01U0281_002 0.483 0.480 0.481 0.451 0.343 0.098 0.016 0.002 0.000 0.000 0.000 0.000 0.000 0.000 0.000
GLU02U0281_003 0.013 0.014 0.012 0.011 0.009 0.002 0.000 0.000 0.000 0.000 0.000 0.000 0.000 0.000 0.000
GLU02U0281_004 0.499 0.502 0.496 0.489 0.342 0.097 0.016 0.002 0.000 0.000 0.000 0.000 0.000 0.000 0.000
GLU-1U0281_005 0.000 0.000 0.005 0.043 0.302 0.802 0.968 0.996 1.000 1.000 1.000 1.000 1.000 1.000 1.000
TYR01U0282_001 0.653 0.720 0.731 0.737 0.720 0.746 0.789 0.790 0.803 0.785 0.802 0.813 0.801 0.714 0.421
TYR01U0282_002 0.347 0.280 0.269 0.263 0.280 0.254 0.211 0.210 0.197 0.215 0.197 0.184 0.181 0.154 0.089
TYR-1U0282_003 0.000 0.000 0.000 0.000 0.000 0.000 0.000 0.000 0.000 0.000 0.000 0.002 0.018 0.131 0.490
ASP01U0283_001 0.005 0.000 0.000 0.005 0.003 0.000 0.000 0.000 0.000 0.000 0.000 0.000 0.000 0.000 0.000
ASP01U0283_002 0.995 1.000 0.986 0.903 0.546 0.126 0.016 0.002 0.000 0.000 0.000 0.000 0.000 0.000 0.000
ASP02U0283_003 0.000 0.000 0.000 0.000 0.000 0.000 0.000 0.000 0.000 0.000 0.000 0.000 0.000 0.000 0.000
ASP02U0283_004 0.000 0.000 0.004 0.003 0.000 0.000 0.000 0.000 0.000 0.000 0.000 0.000 0.000 0.000 0.000
ASP-1U0283_005 0.000 0.000 0.010 0.089 0.450 0.874 0.984 0.998 1.000 1.000 1.000 1.000 1.000 1.000 1.000
LYS01U0284_001 0.000 0.000 0.000 0.000 0.000 0.000 0.000 0.000 0.003 0.025 0.214 0.724 0.960 0.997 1.000
LYS+1U0284_002 1.000 1.000 1.000 1.000 1.000 1.000 1.000 1.000 0.997 0.975 0.786 0.276 0.040 0.003 0.000
LEU01U0285_001 1.000 1.000 1.000 1.000 1.000 1.000 1.000 1.000 1.000 1.000 1.000 1.000 1.000 1.000 1.000
LEU01U0286_001 1.000 1.000 1.000 1.000 1.000 1.000 1.000 1.000 1.000 1.000 1.000 1.000 1.000 1.000 1.000
PRO01U0287_001 1.000 1.000 1.000 1.000 1.000 1.000 1.000 1.000 1.000 1.000 1.000 1.000 1.000 1.000 1.000
ILE01U0288_001 1.000 1.000 1.000 1.000 1.000 1.000 1.000 1.000 1.000 1.000 1.000 1.000 1.000 1.000 1.000
PHE01U0289_001 1.000 1.000 1.000 1.000 1.000 1.000 1.000 1.000 1.000 1.000 1.000 1.000 1.000 1.000 1.000
ILE01U0290_001 1.000 1.000 1.000 1.000 1.000 1.000 1.000 1.000 1.000 1.000 1.000 1.000 1.000 1.000 1.000
ARG01U0291_001 0.000 0.000 0.000 0.000 0.000 0.000 0.000 0.000 0.000 0.000 0.000 0.000 0.001 0.004 0.011
ARG02U0291_002 0.000 0.000 0.000 0.000 0.000 0.000 0.000 0.000 0.000 0.000 0.001 0.000 0.021 0.117 0.350
ARG03U0291_003 0.000 0.000 0.000 0.000 0.000 0.000 0.000 0.000 0.000 0.000 0.000 0.000 0.019 0.090 0.252
ARG03U0291_004 0.000 0.000 0.000 0.000 0.000 0.000 0.000 0.000 0.000 0.000 0.000 0.000 0.000 0.002 0.004
ARG+1U0291_005 1.000 1.000 1.000 1.000 1.000 1.000 1.000 1.000 1.000 1.000 0.999 1.000 0.959 0.787 0.383
PHE01U0292_001 1.000 1.000 1.000 1.000 1.000 1.000 1.000 1.000 1.000 1.000 1.000 1.000 1.000 1.000 1.000
LYS01U0293_001 0.000 0.000 0.000 0.000 0.000 0.000 0.000 0.002 0.012 0.097 0.510 0.907 0.989 0.999 1.000
LYS+1U0293_002 1.000 1.000 1.000 1.000 1.000 1.000 1.000 0.998 0.988 0.903 0.490 0.093 0.011 0.001 0.000
THR01U0294_001 0.191 0.185 0.184 0.187 0.188 0.194 0.185 0.191 0.189 0.198 0.197 0.200 0.196 0.194 0.177
THR01U0294_002 0.268 0.272 0.278 0.273 0.275 0.286 0.302 0.304 0.310 0.309 0.323 0.354 0.353 0.369 0.385
THR01U0294_003 0.541 0.543 0.538 0.540 0.537 0.521 0.513 0.506 0.501 0.493 0.480 0.446 0.451 0.437 0.438
SER01U0295_001 0.273 0.263 0.261 0.257 0.256 0.253 0.254 0.248 0.251 0.253 0.255 0.266 0.266 0.243 0.218
SER01U0295_002 0.553 0.548 0.550 0.550 0.556 0.556 0.551 0.550 0.547 0.544 0.536 0.516 0.510 0.504 0.484
SER01U0295_003 0.174 0.189 0.188 0.194 0.189 0.192 0.195 0.202 0.202 0.203 0.209 0.218 0.224 0.254 0.297
ALA01U0296_001 1.000 1.000 1.000 1.000 1.000 1.000 1.000 1.000 1.000 1.000 1.000 1.000 1.000 1.000 1.000
ILE01U0297_001 1.000 1.000 1.000 1.000 1.000 1.000 1.000 1.000 1.000 1.000 1.000 1.000 1.000 1.000 1.000
THR01U0298_001 0.428 0.425 0.430 0.427 0.438 0.469 0.480 0.480 0.483 0.472 0.451 0.427 0.424 0.417 0.408
THR01U0298_002 0.572 0.575 0.570 0.573 0.562 0.531 0.520 0.520 0.517 0.528 0.549 0.573 0.576 0.583 0.592
LEU01U0299_001 1.000 1.000 1.000 1.000 1.000 1.000 1.000 1.000 1.000 1.000 1.000 1.000 1.000 1.000 1.000
GLU01U0301_001 0.044 0.044 0.038 0.040 0.036 0.015 0.003 0.000 0.000 0.000 0.000 0.000 0.000 0.000 0.000
GLU01U0301_002 0.671 0.675 0.678 0.659 0.553 0.252 0.042 0.008 0.000 0.000 0.000 0.000 0.000 0.000 0.000
GLU02U0301_003 0.012 0.011 0.012 0.010 0.008 0.005 0.000 0.000 0.000 0.000 0.000 0.000 0.000 0.000 0.000
GLU02U0301_004 0.273 0.270 0.272 0.272 0.228 0.099 0.018 0.000 0.000 0.000 0.000 0.000 0.000 0.000 0.000
GLU-1U0301_005 0.000 0.000 0.000 0.019 0.175 0.630 0.938 0.992 1.000 1.000 1.000 1.000 1.000 1.000 1.000
PHE01U0302_001 1.000 1.000 1.000 1.000 1.000 1.000 1.000 1.000 1.000 1.000 1.000 1.000 1.000 1.000 1.000
PHE01U0303_001 1.000 1.000 1.000 1.000 1.000 1.000 1.000 1.000 1.000 1.000 1.000 1.000 1.000 1.000 1.000
LYS01U0304_001 0.000 0.000 0.000 0.000 0.000 0.000 0.000 0.000 0.011 0.079 0.402 0.861 0.979 1.000 1.000
LYS+1U0304_002 1.000 1.000 1.000 1.000 1.000 1.000 1.000 1.000 0.989 0.921 0.598 0.139 0.021 0.000 0.000
LEU01U0305_001 1.000 1.000 1.000 1.000 1.000 1.000 1.000 1.000 1.000 1.000 1.000 1.000 1.000 1.000 1.000
GLU01U0306_001 0.005 0.006 0.005 0.003 0.004 0.001 0.000 0.000 0.000 0.000 0.000 0.000 0.000 0.000 0.000
GLU01U0306_002 0.244 0.245 0.248 0.237 0.155 0.033 0.005 0.000 0.000 0.000 0.000 0.000 0.000 0.000 0.000
GLU02U0306_003 0.036 0.037 0.037 0.037 0.022 0.006 0.000 0.000 0.000 0.000 0.000 0.000 0.000 0.000 0.000
GLU02U0306_004 0.714 0.713 0.711 0.656 0.440 0.095 0.013 0.000 0.000 0.000 0.000 0.000 0.000 0.000 0.000
GLU-1U0306_005 0.000 0.000 0.000 0.066 0.378 0.865 0.981 1.000 1.000 1.000 1.000 1.000 1.000 1.000 1.000
ILE01U0307_001 1.000 1.000 1.000 1.000 1.000 1.000 1.000 1.000 1.000 1.000 1.000 1.000 1.000 1.000 1.000
PRO01U0308_001 1.000 1.000 1.000 1.000 1.000 1.000 1.000 1.000 1.000 1.000 1.000 1.000 1.000 1.000 1.000
GLU01U0309_001 0.025 0.025 0.026 0.021 0.010 0.002 0.000 0.000 0.000 0.000 0.000 0.000 0.000 0.000 0.000
GLU01U0309_002 0.865 0.868 0.854 0.725 0.328 0.053 0.006 0.000 0.000 0.000 0.000 0.000 0.000 0.000 0.000
GLU02U0309_003 0.000 0.000 0.000 0.000 0.000 0.000 0.000 0.000 0.000 0.000 0.000 0.000 0.000 0.000 0.000
GLU02U0309_004 0.111 0.107 0.101 0.090 0.043 0.008 0.001 0.000 0.000 0.000 0.000 0.000 0.000 0.000 0.000
GLU-1U0309_005 0.000 0.000 0.019 0.164 0.619 0.937 0.992 1.000 1.000 1.000 1.000 1.000 1.000 1.000 1.000
LEU01U0310_001 1.000 1.000 1.000 1.000 1.000 1.000 1.000 1.000 1.000 1.000 1.000 1.000 1.000 1.000 1.000
HIS01U0311_001 0.000 0.000 0.000 0.001 0.001 0.008 0.042 0.110 0.156 0.160 0.164 0.158 0.157 0.149 0.142
HIS01U0311_002 0.000 0.000 0.000 0.000 0.001 0.008 0.047 0.136 0.178 0.187 0.182 0.178 0.169 0.178 0.179
HIS02U0311_003 0.000 0.000 0.000 0.000 0.002 0.020 0.112 0.349 0.434 0.443 0.447 0.457 0.466 0.470 0.483
HIS02U0311_004 0.000 0.000 0.000 0.000 0.002 0.010 0.052 0.148 0.189 0.206 0.207 0.207 0.209 0.203 0.196
HIS+1U0311_005 0.461 0.458 0.454 0.464 0.478 0.471 0.384 0.128 0.021 0.003 0.000 0.000 0.000 0.000 0.000
HIS+1U0311_006 0.539 0.542 0.546 0.536 0.517 0.483 0.364 0.128 0.021 0.000 0.000 0.000 0.000 0.000 0.000
HIS01U0312_001 0.044 0.047 0.045 0.047 0.056 0.043 0.017 0.013 0.011 0.012 0.011 0.011 0.026 0.134 0.479
HIS02U0312_002 0.854 0.943 0.954 0.953 0.944 0.957 0.983 0.987 0.989 0.988 0.989 0.989 0.974 0.866 0.521
HIS+1U0312_003 0.101 0.011 0.001 0.000 0.000 0.000 0.000 0.000 0.000 0.000 0.000 0.000 0.000 0.000 0.000
HIS01U0313_001 0.000 0.000 0.000 0.000 0.000 0.002 0.012 0.062 0.137 0.158 0.160 0.158 0.153 0.154 0.155
HIS01U0313_002 0.000 0.000 0.000 0.000 0.000 0.002 0.016 0.090 0.205 0.247 0.251 0.239 0.249 0.236 0.229
HIS02U0313_003 0.000 0.000 0.000 0.000 0.001 0.003 0.018 0.104 0.251 0.294 0.305 0.317 0.309 0.318 0.320
HIS02U0313_004 0.000 0.000 0.000 0.000 0.001 0.000 0.018 0.097 0.238 0.280 0.283 0.286 0.289 0.293 0.295
HIS+1U0313_005 0.396 0.397 0.401 0.396 0.397 0.396 0.378 0.260 0.065 0.008 0.001 0.000 0.000 0.000 0.000
HIS+1U0313_006 0.604 0.603 0.599 0.604 0.601 0.597 0.558 0.387 0.105 0.012 0.000 0.000 0.000 0.000 0.000
HIS01U0314_001 0.000 0.002 0.011 0.088 0.358 0.570 0.537 0.409 0.347 0.347 0.395 0.441 0.450 0.446 0.454
HIS02U0314_002 0.000 0.000 0.003 0.022 0.084 0.166 0.317 0.548 0.647 0.653 0.605 0.559 0.550 0.554 0.546
HIS+1U0314_003 1.000 0.998 0.987 0.890 0.558 0.264 0.146 0.044 0.007 0.000 0.000 0.000 0.000 0.000 0.000
HIS01U0315_001 0.000 0.000 0.005 0.040 0.129 0.210 0.353 0.563 0.648 0.650 0.626 0.616 0.609 0.604 0.581
HIS02U0315_002 0.000 0.000 0.000 0.000 0.008 0.023 0.107 0.268 0.329 0.347 0.374 0.384 0.391 0.396 0.419
HIS+1U0315_003 1.000 1.000 0.995 0.960 0.864 0.767 0.540 0.169 0.023 0.003 0.000 0.000 0.000 0.000 0.000
CTR01U0315_001 0.000 0.000 0.000 0.001 0.000 0.000 0.000 0.000 0.000 0.000 0.000 0.000 0.000 0.000 0.000
CTR01U0315_002 0.409 0.406 0.405 0.350 0.175 0.029 0.004 0.000 0.000 0.000 0.000 0.000 0.000 0.000 0.000
CTR02U0315_003 0.000 0.000 0.000 0.000 0.000 0.000 0.000 0.000 0.000 0.000 0.000 0.000 0.000 0.000 0.000
CTR02U0315_004 0.591 0.594 0.579 0.503 0.255 0.045 0.006 0.000 0.000 0.000 0.000 0.000 0.000 0.000 0.000
CTR-1U0315_005 0.000 0.000 0.017 0.147 0.570 0.927 0.990 1.000 1.000 1.000 1.000 1.000 1.000 1.000 1.000
_CL-1U0401_001 0.000 0.000 0.000 0.000 0.000 0.000 0.000 0.000 0.000 0.000 0.000 0.000 0.000 0.000 0.000
_CLDMU0401_002 1.000 1.000 1.000 1.000 1.000 1.000 1.000 1.000 1.000 1.000 1.000 1.000 1.000 1.000 1.000
