   Rotamer making statitics:
   Residue   Start  Clean   Swap Rotate   Self  Hbond Repack  Ioni.   TorH     OH  Elect
   NTRU0001      1      1      1      1      1      1      1      2      2      2      2
   METU0001      1      1      1      1      1      1      1      1      1      1      1
   ASPU0002      1      1      1      1      1      1      1      3      5      5      5
   ASPU0003      1      1      1      1      1      1      1      3      5      5      5
   GLYU0004      0      0      0      0      0      0      0      0      0      0      0
   ARGU0005      1      1      1      1      1      1      1      4      6      6      6
   LYSU0006      1      1      1      1      1      1      1      2      2      2      2
   LYSU0007      1      1      1      1      1      1      1      2      2      2      2
   GLUU0008      1      1      1      1      1      1      1      3      5      5      5
   LEUU0009      1      1      1      1      1      1      1      1      1      1      1
   HISU0010      1      1      2      2      2      2      2      6      6      6      6
   ASPU0011      1      1      1      1      1      1      1      3      5      5      5
   LEUU0012      1      1      1      1      1      1      1      1      1      1      1
   ASNU0013      1      1      2      2      2      2      2      2      2      2      2
   THRU0014      1      1      1      1      1      1      1      1      3      3      3
   ARGU0015      1      1      1      1      1      1      1      4      5      5      5
   ALAU0016      1      1      1      1      1      1      1      1      1      1      1
   TRPU0017      1      1      1      1      1      1      1      1      1      1      1
   ASNU0018      1      1      2      2      2      2      2      2      2      2      2
   GLYU0019      0      0      0      0      0      0      0      0      0      0      0
   GLUU0020      1      1      1      1      1      1      1      3      5      5      5
   GLUU0021      1      1      1      1      1      1      1      3      5      5      5
   VALU0022      1      1      1      1      1      1      1      1      1      1      1
   PHEU0023      1      1      1      1      1      1      1      1      1      1      1
   PROU0024      1      1      1      1      1      1      1      1      1      1      1
   CTRU0024      1      1      1      1      1      1      1      3      5      5      5
   NTRU0029      1      1      1      1      1      1      1      2      2      2      2
   LYSU0029      1      1      1      1      1      1      1      2      2      2      2
   LEUU0030      1      1      1      1      1      1      1      1      1      1      1
   ASPU0031      1      1      1      1      1      1      1      3      5      5      5
   SERU0032      1      1      1      1      1      1      1      1      3      3      3
   SERU0033      1      1      1      1      1      1      1      1      3      3      3
   ILEU0034      1      1      1      1      1      1      1      1      1      1      1
   LYSU0035      1      1      1      1      1      1      1      2      2      2      2
   ARGU0036      1      1      1      1      1      1      1      4      6      6      6
   ASNU0037      1      1      2      2      2      2      1      1      1      1      1
   THRU0038      1      1      1      1      1      1      1      1      2      2      2
   GLYU0039      0      0      0      0      0      0      0      0      0      0      0
   PHEU0040      1      1      1      1      1      1      1      1      1      1      1
   ILEU0041      1      1      1      1      1      1      1      1      1      1      1
   LYSU0042      1      1      1      1      1      1      1      2      2      2      2
   LYSU0043      1      1      1      1      1      1      1      2      2      2      2
   LEUU0044      1      1      1      1      1      1      1      1      1      1      1
   LYSU0045      1      1      1      1      1      1      1      2      2      2      2
   LYSU0046      1      1      1      1      1      1      1      2      2      2      2
   GLYU0047      0      0      0      0      0      0      0      0      0      0      0
   PHEU0048      1      1      1      1      1      1      1      1      1      1      1
   VALU0049      1      1      1      1      1      1      1      1      1      1      1
   LYSU0050      1      1      1      1      1      1      1      2      2      2      2
   GLYU0051      0      0      0      0      0      0      0      0      0      0      0
   SERU0052      1      1      1      1      1      1      1      1      2      2      2
   GLUU0053      1      1      1      1      1      1      1      3      5      5      5
   SERU0054      1      1      1      1      1      1      1      1      2      2      2
   SERU0055      1      1      1      1      1      1      1      1      3      3      3
   LEUU0056      1      1      1      1      1      1      1      1      1      1      1
   LEUU0057      1      1      1      1      1      1      1      1      1      1      1
   LYSU0058      1      1      1      1      1      1      1      2      2      2      2
   ASPU0059      1      1      1      1      1      1      1      3      5      5      5
   LEUU0060      1      1      1      1      1      1      1      1      1      1      1
   SERU0061      1      1      1      1      1      1      1      1      1      1      1
   GLUU0062      1      1      1      1      1      1      1      3      5      5      5
   ALAU0063      1      1      1      1      1      1      1      1      1      1      1
   SERU0064      1      1      1      1      1      1      1      1      2      2      2
   LEUU0065      1      1      1      1      1      1      1      1      1      1      1
   GLUU0066      1      1      1      1      1      1      1      3      5      5      5
   LYSU0067      1      1      1      1      1      1      1      2      2      2      2
   TYRU0068      1      1      1      1      1      1      1      2      2      2      2
   LEUU0069      1      1      1      1      1      1      1      1      1      1      1
   SERU0070      1      1      1      1      1      1      1      1      1      1      1
   GLUU0071      1      1      1      1      1      1      1      3      5      5      5
   ILEU0072      1      1      1      1      1      1      1      1      1      1      1
   ILEU0073      1      1      1      1      1      1      1      1      1      1      1
   VALU0074      1      1      1      1      1      1      1      1      1      1      1
   THRU0075      1      1      1      1      1      1      1      1      3      3      3
   VALU0076      1      1      1      1      1      1      1      1      1      1      1
   THRU0077      1      1      1      1      1      1      1      1      3      3      2
   GLUU0078      1      1      1      1      1      1      1      3      5      5      5
   CYSU0079      1      1      1      1      1      1      1      2      4      4      4
   LEUU0080      1      1      1      1      1      1      1      1      1      1      1
   LEUU0081      1      1      1      1      1      1      1      1      1      1      1
   ASNU0082      1      1      2      2      2      2      1      1      1      1      1
   VALU0083      1      1      1      1      1      1      1      1      1      1      1
   LEUU0084      1      1      1      1      1      1      1      1      1      1      1
   ASNU0085      1      1      2      2      2      2      2      2      2      2      2
   LYSU0086      1      1      1      1      1      1      1      2      2      2      2
   ASNU0087      1      1      2      2      2      2      1      1      1      1      1
   ASPU0088      1      1      1      1      1      1      1      3      5      5      5
   ASPU0089      1      1      1      1      1      1      1      3      5      5      5
   VALU0090      1      1      1      1      1      1      1      1      1      1      1
   ILEU0091      1      1      1      1      1      1      1      1      1      1      1
   ALAU0092      1      1      1      1      1      1      1      1      1      1      1
   ALAU0093      1      1      1      1      1      1      1      1      1      1      1
   VALU0094      1      1      1      1      1      1      1      1      1      1      1
   GLUU0095      1      1      1      1      1      1      1      3      5      5      5
   ILEU0096      1      1      1      1      1      1      1      1      1      1      1
   ILEU0097      1      1      1      1      1      1      1      1      1      1      1
   SERU0098      1      1      1      1      1      1      1      1      2      2      2
   GLYU0099      0      0      0      0      0      0      0      0      0      0      0
   LEUU0100      1      1      1      1      1      1      1      1      1      1      1
   HISU0101      1      1      2      2      2      2      1      3      3      3      3
   GLNU0102      1      1      2      2      2      2      2      2      2      2      2
   ARGU0103      1      1      1      1      1      1      1      4      5      5      5
   PHEU0104      1      1      1      1      1      1      1      1      1      1      1
   ASNU0105      1      1      2      2      2      2      1      1      1      1      1
   GLYU0106      0      0      0      0      0      0      0      0      0      0      0
   ARGU0107      1      1      1      1      1      1      1      4      5      5      5
   PHEU0108      1      1      1      1      1      1      1      1      1      1      1
   THRU0109      1      1      1      1      1      1      1      1      3      3      2
   SERU0110      1      1      1      1      1      1      1      1      3      3      3
   PROU0111      1      1      1      1      1      1      1      1      1      1      1
   LEUU0112      1      1      1      1      1      1      1      1      1      1      1
   LEUU0113      1      1      1      1      1      1      1      1      1      1      1
   GLYU0114      0      0      0      0      0      0      0      0      0      0      0
   ALAU0115      1      1      1      1      1      1      1      1      1      1      1
   PHEU0116      1      1      1      1      1      1      1      1      1      1      1
   LEUU0117      1      1      1      1      1      1      1      1      1      1      1
   GLNU0118      1      1      2      2      2      2      2      2      2      2      2
   ALAU0119      1      1      1      1      1      1      1      1      1      1      1
   PHEU0120      1      1      1      1      1      1      1      1      1      1      1
   GLUU0121      1      1      1      1      1      1      1      3      5      5      5
   ASNU0122      1      1      2      2      2      2      2      2      2      2      2
   PROU0123      1      1      1      1      1      1      1      1      1      1      1
   SERU0124      1      1      1      1      1      1      1      1      2      2      1
   VALU0125      1      1      1      1      1      1      1      1      1      1      1
   ASPU0126      1      1      1      1      1      1      1      3      5      5      5
   ILEU0127      1      1      1      1      1      1      1      1      1      1      1
   GLUU0128      1      1      1      1      1      1      1      3      5      5      5
   SERU0129      1      1      1      1      1      1      1      1      3      3      3
   GLUU0130      1      1      1      1      1      1      1      3      5      5      5
   ARGU0131      1      1      1      1      1      1      1      4      4      4      4
   ASPU0132      1      1      1      1      1      1      1      3      5      5      5
   GLUU0133      1      1      1      1      1      1      1      3      5      5      5
   LEUU0134      1      1      1      1      1      1      1      1      1      1      1
   GLNU0135      1      1      2      2      2      2      2      2      2      2      2
   ARGU0136      1      1      1      1      1      1      1      4      5      5      5
   ILEU0137      1      1      1      1      1      1      1      1      1      1      1
   THRU0138      1      1      1      1      1      1      1      1      3      3      3
   ARGU0139      1      1      1      1      1      1      1      4      5      5      5
   VALU0140      1      1      1      1      1      1      1      1      1      1      1
   LYSU0141      1      1      1      1      1      1      1      2      2      2      2
   GLYU0142      0      0      0      0      0      0      0      0      0      0      0
   ASNU0143      1      1      2      2      2      2      2      2      2      2      2
   LEUU0144      1      1      1      1      1      1      1      1      1      1      1
   ARGU0145      1      1      1      1      1      1      1      4      6      6      6
   VALU0146      1      1      1      1      1      1      1      1      1      1      1
   PHEU0147      1      1      1      1      1      1      1      1      1      1      1
   THRU0148      1      1      1      1      1      1      1      1      3      3      3
   GLUU0149      1      1      1      1      1      1      1      3      5      5      5
   LEUU0150      1      1      1      1      1      1      1      1      1      1      1
   TYRU0151      1      1      1      1      1      1      1      2      3      3      3
   LEUU0152      1      1      1      1      1      1      1      1      1      1      1
   VALU0153      1      1      1      1      1      1      1      1      1      1      1
   GLYU0154      0      0      0      0      0      0      0      0      0      0      0
   VALU0155      1      1      1      1      1      1      1      1      1      1      1
   PHEU0156      1      1      1      1      1      1      1      1      1      1      1
   ARGU0157      1      1      1      1      1      1      1      4      5      5      5
   THRU0158      1      1      1      1      1      1      1      1      3      3      3
   LEUU0159      1      1      1      1      1      1      1      1      1      1      1
   ASPU0160      1      1      1      1      1      1      1      3      5      5      5
   ASPU0161      1      1      1      1      1      1      1      3      5      5      5
   ILEU0162      1      1      1      1      1      1      1      1      1      1      1
   GLUU0163      1      1      1      1      1      1      1      3      5      5      5
   SERU0164      1      1      1      1      1      1      1      1      1      1      1
   LYSU0165      1      1      1      1      1      1      1      2      2      2      2
   ASPU0166      1      1      1      1      1      1      1      3      5      5      5
   ALAU0167      1      1      1      1      1      1      1      1      1      1      1
   ILEU0168      1      1      1      1      1      1      1      1      1      1      1
   PROU0169      1      1      1      1      1      1      1      1      1      1      1
   ASNU0170      2      2      4      4      4      4      4      4      4      4      4
   PHEU0171      1      1      1      1      1      1      1      1      1      1      1
   LEUU0172      1      1      1      1      1      1      1      1      1      1      1
   GLNU0173      1      1      2      2      2      2      2      2      2      2      2
   LYSU0174      1      1      1      1      1      1      1      2      2      2      2
   LYSU0175      1      1      1      1      1      1      1      2      2      2      2
   THRU0176      1      1      1      1      1      1      1      1      2      2      2
   GLYU0177      0      0      0      0      0      0      0      0      0      0      0
   ARGU0178      1      1      1      1      1      1      1      4      4      4      4
   LYSU0179      1      1      1      1      1      1      1      2      2      2      2
   ASPU0180      1      1      1      1      1      1      1      3      5      5      5
   PROU0181      1      1      1      1      1      1      1      1      1      1      1
   LEUU0182      1      1      1      1      1      1      1      1      1      1      1
   LEUU0183      1      1      1      1      1      1      1      1      1      1      1
   PHEU0184      1      1      1      1      1      1      1      1      1      1      1
   SERU0185      1      1      1      1      1      1      1      1      3      3      2
   ILEU0186      1      1      1      1      1      1      1      1      1      1      1
   LEUU0187      1      1      1      1      1      1      1      1      1      1      1
   ARGU0188      1      1      1      1      1      1      1      4      4      4      4
   GLUU0189      1      1      1      1      1      1      1      3      5      5      5
   ILEU0190      1      1      1      1      1      1      1      1      1      1      1
   LEUU0191      1      1      1      1      1      1      1      1      1      1      1
   ASNU0192      2      2      4      4      4      4      4      4      4      4      4
   TYRU0193      1      1      1      1      1      1      1      2      3      3      3
   LYSU0194      1      1      1      1      1      1      1      2      2      2      2
   PHEU0195      1      1      1      1      1      1      1      1      1      1      1
   LYSU0196      1      1      1      1      1      1      1      2      2      2      2
   LEUU0197      1      1      1      1      1      1      1      1      1      1      1
   GLYU0198      0      0      0      0      0      0      0      0      0      0      0
   PHEU0199      1      1      1      1      1      1      1      1      1      1      1
   THRU0200      1      1      1      1      1      1      1      1      2      2      2
   THRU0201      1      1      1      1      1      1      1      1      3      3      3
   THRU0202      1      1      1      1      1      1      1      1      2      2      2
   ILEU0203      1      1      1      1      1      1      1      1      1      1      1
   ALAU0204      1      1      1      1      1      1      1      1      1      1      1
   THRU0205      1      1      1      1      1      1      1      1      2      2      2
   ALAU0206      1      1      1      1      1      1      1      1      1      1      1
   PHEU0207      1      1      1      1      1      1      1      1      1      1      1
   ILEU0208      1      1      1      1      1      1      1      1      1      1      1
   LYSU0209      1      1      1      1      1      1      1      2      2      2      2
   LYSU0210      1      1      1      1      1      1      1      2      2      2      2
   PHEU0211      1      1      1      1      1      1      1      1      1      1      1
   ALAU0212      1      1      1      1      1      1      1      1      1      1      1
   PROU0213      1      1      1      1      1      1      1      1      1      1      1
   LEUU0214      1      1      1      1      1      1      1      1      1      1      1
   PHEU0215      1      1      1      1      1      1      1      1      1      1      1
   ARGU0216      2      2      2      2      2      2      2      8      8      8      8
   ASPU0217      1      1      1      1      1      1      1      3      5      5      5
   ASPU0218      1      1      1      1      1      1      1      3      5      5      5
   ASPU0219      1      1      1      1      1      1      1      3      5      5      5
   ASNU0220      1      1      2      2      2      2      2      2      2      2      2
   SERU0221      1      1      1      1      1      1      1      1      3      3      3
   TRPU0222      1      1      1      1      1      1      1      1      1      1      1
   ASPU0223      1      1      1      1      1      1      1      3      5      5      5
   ASPU0224      1      1      1      1      1      1      1      3      5      5      5
   LEUU0225      1      1      1      1      1      1      1      1      1      1      1
   ILEU0226      1      1      1      1      1      1      1      1      1      1      1
   TYRU0227      1      1      1      1      1      1      1      2      3      3      2
   ASPU0228      1      1      1      1      1      1      1      3      5      5      5
   SERU0229      1      1      1      1      1      1      1      1      2      2      2
   LYSU0230      1      1      1      1      1      1      1      2      2      2      2
   LEUU0231      1      1      1      1      1      1      1      1      1      1      1
   LYSU0232      1      1      1      1      1      1      1      2      2      2      2
   GLYU0233      0      0      0      0      0      0      0      0      0      0      0
   ALAU0234      1      1      1      1      1      1      1      1      1      1      1
   LEUU0235      1      1      1      1      1      1      1      1      1      1      1
   GLNU0236      1      1      2      2      2      2      1      1      1      1      1
   SERU0237      1      1      1      1      1      1      1      1      2      2      2
   LEUU0238      1      1      1      1      1      1      1      1      1      1      1
   PHEU0239      1      1      1      1      1      1      1      1      1      1      1
   LYSU0240      1      1      1      1      1      1      1      2      2      2      2
   ASNU0241      1      1      2      2      2      2      2      2      2      2      2
   PHEU0242      1      1      1      1      1      1      1      1      1      1      1
   ILEU0243      1      1      1      1      1      1      1      1      1      1      1
   ASPU0244      1      1      1      1      1      1      1      3      5      5      5
   ALAU0245      1      1      1      1      1      1      1      1      1      1      1
   THRU0246      1      1      1      1      1      1      1      1      3      3      3
   PHEU0247      1      1      1      1      1      1      1      1      1      1      1
   ALAU0248      1      1      1      1      1      1      1      1      1      1      1
   ARGU0249      1      1      1      1      1      1      1      4      5      5      5
   ALAU0250      1      1      1      1      1      1      1      1      1      1      1
   THRU0251      1      1      1      1      1      1      1      1      2      2      2
   GLUU0252      1      1      1      1      1      1      1      3      5      5      5
   LEUU0253      1      1      1      1      1      1      1      1      1      1      1
   HISU0254      1      1      2      2      2      2      2      6      6      6      6
   LYSU0255      1      1      1      1      1      1      1      2      2      2      2
   LYSU0256      1      1      1      1      1      1      1      2      2      2      2
   VALU0257      1      1      1      1      1      1      1      1      1      1      1
   ASNU0258      2      2      4      4      4      4      3      3      3      3      3
   LYSU0259      1      1      1      1      1      1      1      2      2      2      2
   LEUU0260      1      1      1      1      1      1      1      1      1      1      1
   GLNU0261      1      1      2      2      2      2      2      2      2      2      2
   ARGU0262      1      1      1      1      1      1      1      4      4      4      4
   GLUU0263      1      1      1      1      1      1      1      3      5      5      5
   HISU0264      1      1      2      2      2      2      1      3      3      3      3
   GLNU0265      1      1      2      2      2      2      2      2      2      2      2
   LYSU0266      1      1      1      1      1      1      1      2      2      2      2
   CYSU0267      1      1      1      1      1      1      1      2      4      4      4
   GLNU0268      1      1      2      2      2      2      2      2      2      2      2
   ILEU0269      1      1      1      1      1      1      1      1      1      1      1
   ARGU0270      1      1      1      1      1      1      1      4      5      5      5
   THRU0271      1      1      1      1      1      1      1      1      3      3      3
   GLYU0272      0      0      0      0      0      0      0      0      0      0      0
   LYSU0273      1      1      1      1      1      1      1      2      2      2      2
   LEUU0274      1      1      1      1      1      1      1      1      1      1      1
   ARGU0275      1      1      1      1      1      1      1      4      6      6      6
   ASPU0276      1      1      1      1      1      1      1      3      5      5      5
   GLUU0277      1      1      1      1      1      1      1      3      5      5      5
   TYRU0278      1      1      1      1      1      1      1      2      2      2      2
   VALU0279      1      1      1      1      1      1      1      1      1      1      1
   GLUU0280      1      1      1      1      1      1      1      3      5      5      5
   GLUU0281      1      1      1      1      1      1      1      3      5      5      5
   TYRU0282      1      1      1      1      1      1      1      2      3      3      3
   ASPU0283      1      1      1      1      1      1      1      3      5      5      5
   LYSU0284      1      1      1      1      1      1      1      2      2      2      2
   LEUU0285      1      1      1      1      1      1      1      1      1      1      1
   LEUU0286      1      1      1      1      1      1      1      1      1      1      1
   PROU0287      1      1      1      1      1      1      1      1      1      1      1
   ILEU0288      1      1      1      1      1      1      1      1      1      1      1
   PHEU0289      1      1      1      1      1      1      1      1      1      1      1
   ILEU0290      1      1      1      1      1      1      1      1      1      1      1
   ARGU0291      1      1      1      1      1      1      1      4      5      5      5
   PHEU0292      1      1      1      1      1      1      1      1      1      1      1
   LYSU0293      1      1      1      1      1      1      1      2      2      2      2
   THRU0294      1      1      1      1      1      1      1      1      3      3      3
   SERU0295      1      1      1      1      1      1      1      1      3      3      3
   ALAU0296      1      1      1      1      1      1      1      1      1      1      1
   ILEU0297      1      1      1      1      1      1      1      1      1      1      1
   THRU0298      1      1      1      1      1      1      1      1      3      3      2
   LEUU0299      1      1      1      1      1      1      1      1      1      1      1
   GLYU0300      0      0      0      0      0      0      0      0      0      0      0
   GLUU0301      1      1      1      1      1      1      1      3      5      5      5
   PHEU0302      1      1      1      1      1      1      1      1      1      1      1
   PHEU0303      1      1      1      1      1      1      1      1      1      1      1
   LYSU0304      1      1      1      1      1      1      1      2      2      2      2
   LEUU0305      1      1      1      1      1      1      1      1      1      1      1
   GLUU0306      1      1      1      1      1      1      1      3      5      5      5
   ILEU0307      1      1      1      1      1      1      1      1      1      1      1
   PROU0308      1      1      1      1      1      1      1      1      1      1      1
   GLUU0309      1      1      1      1      1      1      1      3      5      5      5
   LEUU0310      1      1      1      1      1      1      1      1      1      1      1
   HISU0311      1      1      2      2      2      2      2      6      6      6      6
   HISU0312      1      1      2      2      2      2      1      3      3      3      3
   HISU0313      1      1      2      2      2      2      2      6      6      6      6
   HISU0314      1      1      2      2      2      2      1      3      3      3      3
   HISU0315      1      1      2      2      2      2      1      3      3      3      3
   CTRU0315      1      1      1      1      1      1      1      3      5      5      5
   _CLU0401      1      1      1      1      1      1      2      3      2      2      2
   Total       305    305    339    339    339    339    329    551    724    724    718
